2140   1.890
1	1	7.612286E-02	1.174953E-03	-1
1	2	7.606545E-02	2.523721E-03	-1
1	3	7.595956E-02	3.869569E-03	-1
1	4	7.580524E-02	5.210763E-03	-1
1	5	7.560261E-02	6.545568E-03	-1
1	6	7.535180E-02	7.872248E-03	-1
1	7	7.505299E-02	9.189062E-03	-1
1	8	7.470636E-02	1.049427E-02	-1
1	9	7.431214E-02	1.178612E-02	-1
1	10	7.385562E-02	1.314724E-02	-1
1	11	7.334108E-02	1.453069E-02	-1
1	12	7.277093E-02	1.591410E-02	-1
1	13	7.214384E-02	1.729749E-02	-1
1	14	7.145827E-02	1.868092E-02	-1
1	15	7.071250E-02	2.006444E-02	-1
1	16	6.990455E-02	2.144810E-02	-1
1	17	6.903218E-02	2.283198E-02	-1
1	18	6.809283E-02	2.421615E-02	-1
1	19	6.708359E-02	2.560068E-02	-1
1	20	6.600116E-02	2.698566E-02	-1
1	21	6.484176E-02	2.837114E-02	-1
1	22	6.360107E-02	2.975718E-02	-1
1	23	6.227413E-02	3.114379E-02	-1
1	24	6.085522E-02	3.253097E-02	-1
1	25	5.933775E-02	3.391867E-02	-1
1	26	5.771402E-02	3.530675E-02	-1
1	27	5.597498E-02	3.669502E-02	-1
1	28	5.410991E-02	3.808316E-02	-1
1	29	5.210593E-02	3.947077E-02	-1
1	30	4.994725E-02	4.085732E-02	-1
1	31	4.761409E-02	4.224220E-02	-1
1	32	4.508090E-02	4.362476E-02	-1
1	33	4.231333E-02	4.500448E-02	-1
1	34	3.926274E-02	4.638124E-02	-1
1	35	3.585563E-02	4.775578E-02	-1
1	36	3.197097E-02	4.913070E-02	-1
1	37	2.738362E-02	5.051222E-02	-1
1	38	2.158390E-02	5.191404E-02	-1
1	39	1.277619E-02	5.336733E-02	-1
1	40	-1.277619E-02	5.336733E-02	1
1	41	-2.158390E-02	5.191404E-02	1
1	42	-2.738362E-02	5.051222E-02	1
1	43	-3.197097E-02	4.913070E-02	1
1	44	-3.585563E-02	4.775578E-02	1
1	45	-3.926274E-02	4.638124E-02	1
1	46	-4.231333E-02	4.500448E-02	1
1	47	-4.508090E-02	4.362476E-02	1
1	48	-4.761409E-02	4.224220E-02	1
1	49	-4.994725E-02	4.085732E-02	1
1	50	-5.210593E-02	3.947077E-02	1
1	51	-5.410991E-02	3.808316E-02	1
1	52	-5.597498E-02	3.669502E-02	1
1	53	-5.771402E-02	3.530675E-02	1
1	54	-5.933775E-02	3.391867E-02	1
1	55	-6.085522E-02	3.253097E-02	1
1	56	-6.227413E-02	3.114379E-02	1
1	57	-6.360107E-02	2.975718E-02	1
1	58	-6.484176E-02	2.837114E-02	1
1	59	-6.600116E-02	2.698566E-02	1
1	60	-6.708359E-02	2.560068E-02	1
1	61	-6.809283E-02	2.421615E-02	1
1	62	-6.903218E-02	2.283198E-02	1
1	63	-6.990455E-02	2.144810E-02	1
1	64	-7.071250E-02	2.006444E-02	1
1	65	-7.145827E-02	1.868092E-02	1
1	66	-7.214384E-02	1.729749E-02	1
1	67	-7.277093E-02	1.591410E-02	1
1	68	-7.334108E-02	1.453069E-02	1
1	69	-7.385562E-02	1.314724E-02	1
1	70	-7.431214E-02	1.178612E-02	1
1	71	-7.470636E-02	1.049427E-02	1
1	72	-7.505299E-02	9.189062E-03	1
1	73	-7.535180E-02	7.872248E-03	1
1	74	-7.560261E-02	6.545568E-03	1
1	75	-7.580524E-02	5.210763E-03	1
1	76	-7.595956E-02	3.869569E-03	1
1	77	-7.606545E-02	2.523721E-03	1
1	78	-7.612286E-02	1.174953E-03	1
2	1	7.731314E-02	1.174955E-03	-1
2	2	7.725740E-02	2.523785E-03	-1
2	3	7.715469E-02	3.869852E-03	-1
2	4	7.700508E-02	5.211515E-03	-1
2	5	7.680867E-02	6.547132E-03	-1
2	6	7.656559E-02	7.875061E-03	-1
2	7	7.627599E-02	9.193658E-03	-1
2	8	7.594007E-02	1.050128E-02	-1
2	9	7.555803E-02	1.179626E-02	-1
2	10	7.512613E-02	1.309986E-02	-1
2	11	7.463019E-02	1.447850E-02	-1
2	12	7.408083E-02	1.585712E-02	-1
2	13	7.347685E-02	1.723577E-02	-1
2	14	7.281686E-02	1.861448E-02	-1
2	15	7.209930E-02	1.999330E-02	-1
2	16	7.132237E-02	2.137228E-02	-1
2	17	7.048407E-02	2.275148E-02	-1
2	18	6.958211E-02	2.413096E-02	-1
2	19	6.861388E-02	2.551079E-02	-1
2	20	6.757647E-02	2.689103E-02	-1
2	21	6.646653E-02	2.827174E-02	-1
2	22	6.528026E-02	2.965295E-02	-1
2	23	6.401334E-02	3.103471E-02	-1
2	24	6.266080E-02	3.241699E-02	-1
2	25	6.121694E-02	3.379977E-02	-1
2	26	5.967519E-02	3.518294E-02	-1
2	27	5.802786E-02	3.656635E-02	-1
2	28	5.626598E-02	3.794977E-02	-1
2	29	5.437887E-02	3.933286E-02	-1
2	30	5.235367E-02	4.071520E-02	-1
2	31	5.017463E-02	4.209629E-02	-1
2	32	4.782194E-02	4.347556E-02	-1
2	33	4.526994E-02	4.485244E-02	-1
2	34	4.248401E-02	4.622655E-02	-1
2	35	3.941503E-02	4.759794E-02	-1
2	36	3.598870E-02	4.896757E-02	-1
2	37	3.208268E-02	5.033822E-02	-1
2	38	2.746999E-02	5.171615E-02	-1
2	39	2.163851E-02	5.311461E-02	-1
2	40	1.279176E-02	5.456272E-02	-1
2	41	-1.279176E-02	5.456272E-02	1
2	42	-2.163851E-02	5.311461E-02	1
2	43	-2.746999E-02	5.171615E-02	1
2	44	-3.208268E-02	5.033822E-02	1
2	45	-3.598870E-02	4.896757E-02	1
2	46	-3.941503E-02	4.759794E-02	1
2	47	-4.248401E-02	4.622655E-02	1
2	48	-4.526994E-02	4.485244E-02	1
2	49	-4.782194E-02	4.347556E-02	1
2	50	-5.017463E-02	4.209629E-02	1
2	51	-5.235367E-02	4.071520E-02	1
2	52	-5.437887E-02	3.933286E-02	1
2	53	-5.626598E-02	3.794977E-02	1
2	54	-5.802786E-02	3.656635E-02	1
2	55	-5.967519E-02	3.518294E-02	1
2	56	-6.121694E-02	3.379977E-02	1
2	57	-6.266080E-02	3.241699E-02	1
2	58	-6.401334E-02	3.103471E-02	1
2	59	-6.528026E-02	2.965295E-02	1
2	60	-6.646653E-02	2.827174E-02	1
2	61	-6.757647E-02	2.689103E-02	1
2	62	-6.861388E-02	2.551079E-02	1
2	63	-6.958211E-02	2.413096E-02	1
2	64	-7.048407E-02	2.275148E-02	1
2	65	-7.132237E-02	2.137228E-02	1
2	66	-7.209930E-02	1.999330E-02	1
2	67	-7.281686E-02	1.861448E-02	1
2	68	-7.347685E-02	1.723577E-02	1
2	69	-7.408083E-02	1.585712E-02	1
2	70	-7.463019E-02	1.447850E-02	1
2	71	-7.512613E-02	1.309986E-02	1
2	72	-7.555803E-02	1.179626E-02	1
2	73	-7.594007E-02	1.050128E-02	1
2	74	-7.627599E-02	9.193658E-03	1
2	75	-7.656559E-02	7.875061E-03	1
2	76	-7.680867E-02	6.547132E-03	1
2	77	-7.700508E-02	5.211515E-03	1
2	78	-7.715469E-02	3.869852E-03	1
2	79	-7.725740E-02	2.523785E-03	1
2	80	-7.731314E-02	1.174955E-03	1
3	1	7.850341E-02	1.174956E-03	-1
3	2	7.844924E-02	2.523845E-03	-1
3	3	7.834952E-02	3.870114E-03	-1
3	4	7.820434E-02	5.212209E-03	-1
3	5	7.801377E-02	6.548575E-03	-1
3	6	7.777795E-02	7.877658E-03	-1
3	7	7.749702E-02	9.197900E-03	-1
3	8	7.717116E-02	1.050774E-02	-1
3	9	7.680057E-02	1.180562E-02	-1
3	10	7.638547E-02	1.308998E-02	-1
3	11	7.591288E-02	1.442905E-02	-1
3	12	7.538293E-02	1.580313E-02	-1
3	13	7.480051E-02	1.717725E-02	-1
3	14	7.416436E-02	1.855145E-02	-1
3	15	7.347305E-02	1.992578E-02	-1
3	16	7.272496E-02	2.130027E-02	-1
3	17	7.191828E-02	2.267499E-02	-1
3	18	7.105095E-02	2.404999E-02	-1
3	19	7.012064E-02	2.542531E-02	-1
3	20	6.912475E-02	2.680103E-02	-1
3	21	6.806029E-02	2.817717E-02	-1
3	22	6.692393E-02	2.955379E-02	-1
3	23	6.571184E-02	3.093091E-02	-1
3	24	6.441970E-02	3.230852E-02	-1
3	25	6.304255E-02	3.368660E-02	-1
3	26	6.157469E-02	3.506508E-02	-1
3	27	6.000958E-02	3.644383E-02	-1
3	28	5.833956E-02	3.782268E-02	-1
3	29	5.655569E-02	3.920135E-02	-1
3	30	5.464732E-02	4.057952E-02	-1
3	31	5.260162E-02	4.195676E-02	-1
3	32	5.040285E-02	4.333259E-02	-1
3	33	4.803112E-02	4.470650E-02	-1
3	34	4.546064E-02	4.607800E-02	-1
3	35	4.265649E-02	4.744686E-02	-1
3	36	3.956905E-02	4.881327E-02	-1
3	37	3.612322E-02	5.017838E-02	-1
3	38	3.219545E-02	5.154512E-02	-1
3	39	2.755704E-02	5.291973E-02	-1
3	40	2.169374E-02	5.431494E-02	-1
3	41	1.280844E-02	5.575792E-02	-1
3	42	-1.280844E-02	5.575792E-02	1
3	43	-2.169374E-02	5.431494E-02	1
3	44	-2.755704E-02	5.291973E-02	1
3	45	-3.219545E-02	5.154512E-02	1
3	46	-3.612322E-02	5.017838E-02	1
3	47	-3.956905E-02	4.881327E-02	1
3	48	-4.265649E-02	4.744686E-02	1
3	49	-4.546064E-02	4.607800E-02	1
3	50	-4.803112E-02	4.470650E-02	1
3	51	-5.040285E-02	4.333259E-02	1
3	52	-5.260162E-02	4.195676E-02	1
3	53	-5.464732E-02	4.057952E-02	1
3	54	-5.655569E-02	3.920135E-02	1
3	55	-5.833956E-02	3.782268E-02	1
3	56	-6.000958E-02	3.644383E-02	1
3	57	-6.157469E-02	3.506508E-02	1
3	58	-6.304255E-02	3.368660E-02	1
3	59	-6.441970E-02	3.230852E-02	1
3	60	-6.571184E-02	3.093091E-02	1
3	61	-6.692393E-02	2.955379E-02	1
3	62	-6.806029E-02	2.817717E-02	1
3	63	-6.912475E-02	2.680103E-02	1
3	64	-7.012064E-02	2.542531E-02	1
3	65	-7.105095E-02	2.404999E-02	1
3	66	-7.191828E-02	2.267499E-02	1
3	67	-7.272496E-02	2.130027E-02	1
3	68	-7.347305E-02	1.992578E-02	1
3	69	-7.416436E-02	1.855145E-02	1
3	70	-7.480051E-02	1.717725E-02	1
3	71	-7.538293E-02	1.580313E-02	1
3	72	-7.591288E-02	1.442905E-02	1
3	73	-7.638547E-02	1.308998E-02	1
3	74	-7.680057E-02	1.180562E-02	1
3	75	-7.717116E-02	1.050774E-02	1
3	76	-7.749702E-02	9.197900E-03	1
3	77	-7.777795E-02	7.877658E-03	1
3	78	-7.801377E-02	6.548575E-03	1
3	79	-7.820434E-02	5.212209E-03	1
3	80	-7.834952E-02	3.870114E-03	1
3	81	-7.844924E-02	2.523845E-03	1
3	82	-7.850341E-02	1.174956E-03	1
4	1	7.969367E-02	1.174957E-03	-1
4	2	7.964097E-02	2.523901E-03	-1
4	3	7.954408E-02	3.870356E-03	-1
4	4	7.940306E-02	5.212851E-03	-1
4	5	7.921800E-02	6.549911E-03	-1
4	6	7.898902E-02	7.880060E-03	-1
4	7	7.871625E-02	9.201824E-03	-1
4	8	7.839985E-02	1.051372E-02	-1
4	9	7.804003E-02	1.181428E-02	-1
4	10	7.763700E-02	1.310201E-02	-1
4	11	7.718974E-02	1.438214E-02	-1
4	12	7.667795E-02	1.575187E-02	-1
4	13	7.611569E-02	1.712167E-02	-1
4	14	7.550179E-02	1.849157E-02	-1
4	15	7.483497E-02	1.986160E-02	-1
4	16	7.411375E-02	2.123180E-02	-1
4	17	7.333649E-02	2.260223E-02	-1
4	18	7.250133E-02	2.397293E-02	-1
4	19	7.160618E-02	2.534395E-02	-1
4	20	7.064869E-02	2.671533E-02	-1
4	21	6.962622E-02	2.808712E-02	-1
4	22	6.853579E-02	2.945934E-02	-1
4	23	6.737401E-02	3.083203E-02	-1
4	24	6.613709E-02	3.220518E-02	-1
4	25	6.482068E-02	3.357878E-02	-1
4	26	6.341982E-02	3.495277E-02	-1
4	27	6.192886E-02	3.632706E-02	-1
4	28	6.034123E-02	3.770149E-02	-1
4	29	5.864934E-02	3.907587E-02	-1
4	30	5.684425E-02	4.044993E-02	-1
4	31	5.491535E-02	4.182332E-02	-1
4	32	5.284980E-02	4.319563E-02	-1
4	33	5.063183E-02	4.456641E-02	-1
4	34	4.824149E-02	4.593521E-02	-1
4	35	4.565279E-02	4.730164E-02	-1
4	36	4.283052E-02	4.866557E-02	-1
4	37	3.972454E-02	5.002737E-02	-1
4	38	3.625897E-02	5.138833E-02	-1
4	39	3.230913E-02	5.275147E-02	-1
4	40	2.764474E-02	5.412296E-02	-1
4	41	2.174965E-02	5.551504E-02	-1
4	42	1.282632E-02	5.695294E-02	-1
4	43	-1.282632E-02	5.695294E-02	1
4	44	-2.174965E-02	5.551504E-02	1
4	45	-2.764474E-02	5.412296E-02	1
4	46	-3.230913E-02	5.275147E-02	1
4	47	-3.625897E-02	5.138833E-02	1
4	48	-3.972454E-02	5.002737E-02	1
4	49	-4.283052E-02	4.866557E-02	1
4	50	-4.565279E-02	4.730164E-02	1
4	51	-4.824149E-02	4.593521E-02	1
4	52	-5.063183E-02	4.456641E-02	1
4	53	-5.284980E-02	4.319563E-02	1
4	54	-5.491535E-02	4.182332E-02	1
4	55	-5.684425E-02	4.044993E-02	1
4	56	-5.864934E-02	3.907587E-02	1
4	57	-6.034123E-02	3.770149E-02	1
4	58	-6.192886E-02	3.632706E-02	1
4	59	-6.341982E-02	3.495277E-02	1
4	60	-6.482068E-02	3.357878E-02	1
4	61	-6.613709E-02	3.220518E-02	1
4	62	-6.737401E-02	3.083203E-02	1
4	63	-6.853579E-02	2.945934E-02	1
4	64	-6.962622E-02	2.808712E-02	1
4	65	-7.064869E-02	2.671533E-02	1
4	66	-7.160618E-02	2.534395E-02	1
4	67	-7.250133E-02	2.397293E-02	1
4	68	-7.333649E-02	2.260223E-02	1
4	69	-7.411375E-02	2.123180E-02	1
4	70	-7.483497E-02	1.986160E-02	1
4	71	-7.550179E-02	1.849157E-02	1
4	72	-7.611569E-02	1.712167E-02	1
4	73	-7.667795E-02	1.575187E-02	1
4	74	-7.718974E-02	1.438214E-02	1
4	75	-7.763700E-02	1.310201E-02	1
4	76	-7.804003E-02	1.181428E-02	1
4	77	-7.839985E-02	1.051372E-02	1
4	78	-7.871625E-02	9.201824E-03	1
4	79	-7.898902E-02	7.880060E-03	1
4	80	-7.921800E-02	6.549911E-03	1
4	81	-7.940306E-02	5.212851E-03	1
4	82	-7.954408E-02	3.870356E-03	1
4	83	-7.964097E-02	2.523901E-03	1
4	84	-7.969367E-02	1.174957E-03	1
5	1	8.088391E-02	1.174959E-03	-1
5	2	8.083261E-02	2.523952E-03	-1
5	3	8.073839E-02	3.870581E-03	-1
5	4	8.060130E-02	5.213447E-03	-1
5	5	8.042143E-02	6.551149E-03	-1
5	6	8.019889E-02	7.882287E-03	-1
5	7	7.993381E-02	9.205460E-03	-1
5	8	7.962636E-02	1.051927E-02	-1
5	9	7.927670E-02	1.182230E-02	-1
5	10	7.888504E-02	1.311315E-02	-1
5	11	7.845162E-02	1.439042E-02	-1
5	12	7.796653E-02	1.570315E-02	-1
5	13	7.742314E-02	1.706882E-02	-1
5	14	7.683007E-02	1.843459E-02	-1
5	15	7.618614E-02	1.980051E-02	-1
5	16	7.549002E-02	2.116662E-02	-1
5	17	7.474019E-02	2.253294E-02	-1
5	18	7.393499E-02	2.389952E-02	-1
5	19	7.307252E-02	2.526641E-02	-1
5	20	7.215067E-02	2.663365E-02	-1
5	21	7.116706E-02	2.800126E-02	-1
5	22	7.011904E-02	2.936928E-02	-1
5	23	6.900361E-02	3.073774E-02	-1
5	24	6.781737E-02	3.210663E-02	-1
5	25	6.655652E-02	3.347595E-02	-1
5	26	6.521672E-02	3.484564E-02	-1
5	27	6.379302E-02	3.621564E-02	-1
5	28	6.227976E-02	3.758584E-02	-1
5	29	6.067042E-02	3.895606E-02	-1
5	30	5.895741E-02	4.032610E-02	-1
5	31	5.713181E-02	4.169566E-02	-1
5	32	5.518301E-02	4.306442E-02	-1
5	33	5.309818E-02	4.443198E-02	-1
5	34	5.086149E-02	4.579792E-02	-1
5	35	4.845289E-02	4.716186E-02	-1
5	36	4.584620E-02	4.852352E-02	-1
5	37	4.300586E-02	4.988285E-02	-1
5	38	3.988127E-02	5.124036E-02	-1
5	39	3.639576E-02	5.259748E-02	-1
5	40	3.242359E-02	5.395729E-02	-1
5	41	2.773305E-02	5.532586E-02	-1
5	42	2.180629E-02	5.671487E-02	-1
5	43	1.284543E-02	5.814775E-02	-1
5	44	-1.284543E-02	5.814775E-02	1
5	45	-2.180629E-02	5.671487E-02	1
5	46	-2.773305E-02	5.532586E-02	1
5	47	-3.242359E-02	5.395729E-02	1
5	48	-3.639576E-02	5.259748E-02	1
5	49	-3.988127E-02	5.124036E-02	1
5	50	-4.300586E-02	4.988285E-02	1
5	51	-4.584620E-02	4.852352E-02	1
5	52	-4.845289E-02	4.716186E-02	1
5	53	-5.086149E-02	4.579792E-02	1
5	54	-5.309818E-02	4.443198E-02	1
5	55	-5.518301E-02	4.306442E-02	1
5	56	-5.713181E-02	4.169566E-02	1
5	57	-5.895741E-02	4.032610E-02	1
5	58	-6.067042E-02	3.895606E-02	1
5	59	-6.227976E-02	3.758584E-02	1
5	60	-6.379302E-02	3.621564E-02	1
5	61	-6.521672E-02	3.484564E-02	1
5	62	-6.655652E-02	3.347595E-02	1
5	63	-6.781737E-02	3.210663E-02	1
5	64	-6.900361E-02	3.073774E-02	1
5	65	-7.011904E-02	2.936928E-02	1
5	66	-7.116706E-02	2.800126E-02	1
5	67	-7.215067E-02	2.663365E-02	1
5	68	-7.307252E-02	2.526641E-02	1
5	69	-7.393499E-02	2.389952E-02	1
5	70	-7.474019E-02	2.253294E-02	1
5	71	-7.549002E-02	2.116662E-02	1
5	72	-7.618614E-02	1.980051E-02	1
5	73	-7.683007E-02	1.843459E-02	1
5	74	-7.742314E-02	1.706882E-02	1
5	75	-7.796653E-02	1.570315E-02	1
5	76	-7.845162E-02	1.439042E-02	1
5	77	-7.888504E-02	1.311315E-02	1
5	78	-7.927670E-02	1.182230E-02	1
5	79	-7.962636E-02	1.051927E-02	1
5	80	-7.993381E-02	9.205460E-03	1
5	81	-8.019889E-02	7.882287E-03	1
5	82	-8.042143E-02	6.551149E-03	1
5	83	-8.060130E-02	5.213447E-03	1
5	84	-8.073839E-02	3.870581E-03	1
5	85	-8.083261E-02	2.523952E-03	1
5	86	-8.088391E-02	1.174959E-03	1
6	1	8.207414E-02	1.174960E-03	-1
6	2	8.202417E-02	2.524000E-03	-1
6	3	8.193246E-02	3.870790E-03	-1
6	4	8.179909E-02	5.214000E-03	-1
6	5	8.162413E-02	6.552299E-03	-1
6	6	8.140768E-02	7.884355E-03	-1
6	7	8.114987E-02	9.208837E-03	-1
6	8	8.085085E-02	1.052441E-02	-1
6	9	8.051079E-02	1.182974E-02	-1
6	10	8.012988E-02	1.312349E-02	-1
6	11	7.970835E-02	1.440433E-02	-1
6	12	7.924642E-02	1.567091E-02	-1
6	13	7.872354E-02	1.701848E-02	-1
6	14	7.815000E-02	1.838032E-02	-1
6	15	7.752753E-02	1.974231E-02	-1
6	16	7.685488E-02	2.110448E-02	-1
6	17	7.613070E-02	2.246686E-02	-1
6	18	7.535345E-02	2.382951E-02	-1
6	19	7.452144E-02	2.519244E-02	-1
6	20	7.363274E-02	2.655570E-02	-1
6	21	7.268522E-02	2.791932E-02	-1
6	22	7.167649E-02	2.928332E-02	-1
6	23	7.060387E-02	3.064773E-02	-1
6	24	6.946434E-02	3.201255E-02	-1
6	25	6.825453E-02	3.337777E-02	-1
6	26	6.697061E-02	3.474336E-02	-1
6	27	6.560823E-02	3.610926E-02	-1
6	28	6.416248E-02	3.747537E-02	-1
6	29	6.262770E-02	3.884158E-02	-1
6	30	6.099737E-02	4.020770E-02	-1
6	31	5.926393E-02	4.157350E-02	-1
6	32	5.741845E-02	4.293870E-02	-1
6	33	5.545034E-02	4.430298E-02	-1
6	34	5.334674E-02	4.566598E-02	-1
6	35	5.109174E-02	4.702731E-02	-1
6	36	4.866518E-02	4.838664E-02	-1
6	37	4.604067E-02	4.974379E-02	-1
6	38	4.318233E-02	5.109882E-02	-1
6	39	4.003903E-02	5.245236E-02	-1
6	40	3.653343E-02	5.380592E-02	-1
6	41	3.253875E-02	5.516263E-02	-1
6	42	2.782196E-02	5.652843E-02	-1
6	43	2.186372E-02	5.791444E-02	-1
6	44	1.286580E-02	5.934237E-02	-1
6	45	-1.286580E-02	5.934237E-02	1
6	46	-2.186372E-02	5.791444E-02	1
6	47	-2.782196E-02	5.652843E-02	1
6	48	-3.253875E-02	5.516263E-02	1
6	49	-3.653343E-02	5.380592E-02	1
6	50	-4.003903E-02	5.245236E-02	1
6	51	-4.318233E-02	5.109882E-02	1
6	52	-4.604067E-02	4.974379E-02	1
6	53	-4.866518E-02	4.838664E-02	1
6	54	-5.109174E-02	4.702731E-02	1
6	55	-5.334674E-02	4.566598E-02	1
6	56	-5.545034E-02	4.430298E-02	1
6	57	-5.741845E-02	4.293870E-02	1
6	58	-5.926393E-02	4.157350E-02	1
6	59	-6.099737E-02	4.020770E-02	1
6	60	-6.262770E-02	3.884158E-02	1
6	61	-6.416248E-02	3.747537E-02	1
6	62	-6.560823E-02	3.610926E-02	1
6	63	-6.697061E-02	3.474336E-02	1
6	64	-6.825453E-02	3.337777E-02	1
6	65	-6.946434E-02	3.201255E-02	1
6	66	-7.060387E-02	3.064773E-02	1
6	67	-7.167649E-02	2.928332E-02	1
6	68	-7.268522E-02	2.791932E-02	1
6	69	-7.363274E-02	2.655570E-02	1
6	70	-7.452144E-02	2.519244E-02	1
6	71	-7.535345E-02	2.382951E-02	1
6	72	-7.613070E-02	2.246686E-02	1
6	73	-7.685488E-02	2.110448E-02	1
6	74	-7.752753E-02	1.974231E-02	1
6	75	-7.815000E-02	1.838032E-02	1
6	76	-7.872354E-02	1.701848E-02	1
6	77	-7.924642E-02	1.567091E-02	1
6	78	-7.970835E-02	1.440433E-02	1
6	79	-8.012988E-02	1.312349E-02	1
6	80	-8.051079E-02	1.182974E-02	1
6	81	-8.085085E-02	1.052441E-02	1
6	82	-8.114987E-02	9.208837E-03	1
6	83	-8.140768E-02	7.884355E-03	1
6	84	-8.162413E-02	6.552299E-03	1
6	85	-8.179909E-02	5.214000E-03	1
6	86	-8.193246E-02	3.870790E-03	1
6	87	-8.202417E-02	2.524000E-03	1
6	88	-8.207414E-02	1.174960E-03	1
7	1	8.326437E-02	1.174961E-03	-1
7	2	8.321564E-02	2.524045E-03	-1
7	3	8.312632E-02	3.870985E-03	-1
7	4	8.299647E-02	5.214515E-03	-1
7	5	8.282615E-02	6.553369E-03	-1
7	6	8.261546E-02	7.886279E-03	-1
7	7	8.236453E-02	9.211977E-03	-1
7	8	8.207349E-02	1.052920E-02	-1
7	9	8.174252E-02	1.183666E-02	-1
7	10	8.137178E-02	1.313311E-02	-1
7	11	8.096150E-02	1.441727E-02	-1
7	12	8.051188E-02	1.568785E-02	-1
7	13	8.001750E-02	1.697049E-02	-1
7	14	7.946231E-02	1.832855E-02	-1
7	15	7.885996E-02	1.968677E-02	-1
7	16	7.820933E-02	2.104517E-02	-1
7	17	7.750916E-02	2.240379E-02	-1
7	18	7.675808E-02	2.376265E-02	-1
7	19	7.595451E-02	2.512180E-02	-1
7	20	7.509672E-02	2.648125E-02	-1
7	21	7.418279E-02	2.784104E-02	-1
7	22	7.321056E-02	2.920120E-02	-1
7	23	7.217762E-02	3.056173E-02	-1
7	24	7.108128E-02	3.192265E-02	-1
7	25	6.991852E-02	3.328395E-02	-1
7	26	6.868595E-02	3.464561E-02	-1
7	27	6.737975E-02	3.600757E-02	-1
7	28	6.599557E-02	3.736977E-02	-1
7	29	6.452851E-02	3.873210E-02	-1
7	30	6.297290E-02	4.009442E-02	-1
7	31	6.132226E-02	4.145654E-02	-1
7	32	5.956902E-02	4.281823E-02	-1
7	33	5.770426E-02	4.417921E-02	-1
7	34	5.571735E-02	4.553918E-02	-1
7	35	5.359542E-02	4.689779E-02	-1
7	36	5.132247E-02	4.825471E-02	-1
7	37	4.887821E-02	4.960969E-02	-1
7	38	4.623603E-02	5.096259E-02	-1
7	39	4.335972E-02	5.231361E-02	-1
7	40	4.019767E-02	5.366344E-02	-1
7	41	3.667183E-02	5.501369E-02	-1
7	42	3.265451E-02	5.636751E-02	-1
7	43	2.791145E-02	5.773067E-02	-1
7	44	2.192197E-02	5.911372E-02	-1
7	45	1.288743E-02	6.053679E-02	-1
7	46	-1.288743E-02	6.053679E-02	1
7	47	-2.192197E-02	5.911372E-02	1
7	48	-2.791145E-02	5.773067E-02	1
7	49	-3.265451E-02	5.636751E-02	1
7	50	-3.667183E-02	5.501369E-02	1
7	51	-4.019767E-02	5.366344E-02	1
7	52	-4.335972E-02	5.231361E-02	1
7	53	-4.623603E-02	5.096259E-02	1
7	54	-4.887821E-02	4.960969E-02	1
7	55	-5.132247E-02	4.825471E-02	1
7	56	-5.359542E-02	4.689779E-02	1
7	57	-5.571735E-02	4.553918E-02	1
7	58	-5.770426E-02	4.417921E-02	1
7	59	-5.956902E-02	4.281823E-02	1
7	60	-6.132226E-02	4.145654E-02	1
7	61	-6.297290E-02	4.009442E-02	1
7	62	-6.452851E-02	3.873210E-02	1
7	63	-6.599557E-02	3.736977E-02	1
7	64	-6.737975E-02	3.600757E-02	1
7	65	-6.868595E-02	3.464561E-02	1
7	66	-6.991852E-02	3.328395E-02	1
7	67	-7.108128E-02	3.192265E-02	1
7	68	-7.217762E-02	3.056173E-02	1
7	69	-7.321056E-02	2.920120E-02	1
7	70	-7.418279E-02	2.784104E-02	1
7	71	-7.509672E-02	2.648125E-02	1
7	72	-7.595451E-02	2.512180E-02	1
7	73	-7.675808E-02	2.376265E-02	1
7	74	-7.750916E-02	2.240379E-02	1
7	75	-7.820933E-02	2.104517E-02	1
7	76	-7.885996E-02	1.968677E-02	1
7	77	-7.946231E-02	1.832855E-02	1
7	78	-8.001750E-02	1.697049E-02	1
7	79	-8.051188E-02	1.568785E-02	1
7	80	-8.096150E-02	1.441727E-02	1
7	81	-8.137178E-02	1.313311E-02	1
7	82	-8.174252E-02	1.183666E-02	1
7	83	-8.207349E-02	1.052920E-02	1
7	84	-8.236453E-02	9.211977E-03	1
7	85	-8.261546E-02	7.886279E-03	1
7	86	-8.282615E-02	6.553369E-03	1
7	87	-8.299647E-02	5.214515E-03	1
7	88	-8.312632E-02	3.870985E-03	1
7	89	-8.321564E-02	2.524045E-03	1
7	90	-8.326437E-02	1.174961E-03	1
8	1	8.445458E-02	1.174962E-03	-1
8	2	8.440704E-02	2.524087E-03	-1
8	3	8.431999E-02	3.871167E-03	-1
8	4	8.419346E-02	5.214995E-03	-1
8	5	8.402754E-02	6.554366E-03	-1
8	6	8.382232E-02	7.888071E-03	-1
8	7	8.357791E-02	9.214903E-03	-1
8	8	8.329444E-02	1.053365E-02	-1
8	9	8.297207E-02	1.184311E-02	-1
8	10	8.261097E-02	1.314207E-02	-1
8	11	8.221134E-02	1.442932E-02	-1
8	12	8.177340E-02	1.570363E-02	-1
8	13	8.129738E-02	1.696381E-02	-1
8	14	8.076762E-02	1.827912E-02	-1
8	15	8.018419E-02	1.963372E-02	-1
8	16	7.955424E-02	2.098851E-02	-1
8	17	7.887662E-02	2.234351E-02	-1
8	18	7.815005E-02	2.369875E-02	-1
8	19	7.737310E-02	2.505426E-02	-1
8	20	7.654422E-02	2.641006E-02	-1
8	21	7.566163E-02	2.776618E-02	-1
8	22	7.472340E-02	2.912265E-02	-1
8	23	7.372734E-02	3.047947E-02	-1
8	24	7.267105E-02	3.183666E-02	-1
8	25	7.155182E-02	3.319421E-02	-1
8	26	7.036662E-02	3.455210E-02	-1
8	27	6.911206E-02	3.591029E-02	-1
8	28	6.778431E-02	3.726873E-02	-1
8	29	6.637905E-02	3.862733E-02	-1
8	30	6.489135E-02	3.998597E-02	-1
8	31	6.331559E-02	4.134450E-02	-1
8	32	6.164525E-02	4.270274E-02	-1
8	33	5.987278E-02	4.406044E-02	-1
8	34	5.798926E-02	4.541734E-02	-1
8	35	5.598404E-02	4.677315E-02	-1
8	36	5.384418E-02	4.812756E-02	-1
8	37	5.155360E-02	4.948030E-02	-1
8	38	4.909186E-02	5.083114E-02	-1
8	39	4.643214E-02	5.218006E-02	-1
8	40	4.353789E-02	5.352731E-02	-1
8	41	4.035702E-02	5.487369E-02	-1
8	42	3.681085E-02	5.622086E-02	-1
8	43	3.277080E-02	5.757196E-02	-1
8	44	2.800151E-02	5.893258E-02	-1
8	45	2.198106E-02	6.031273E-02	-1
8	46	1.291030E-02	6.173102E-02	-1
8	47	-1.291030E-02	6.173102E-02	1
8	48	-2.198106E-02	6.031273E-02	1
8	49	-2.800151E-02	5.893258E-02	1
8	50	-3.277080E-02	5.757196E-02	1
8	51	-3.681085E-02	5.622086E-02	1
8	52	-4.035702E-02	5.487369E-02	1
8	53	-4.353789E-02	5.352731E-02	1
8	54	-4.643214E-02	5.218006E-02	1
8	55	-4.909186E-02	5.083114E-02	1
8	56	-5.155360E-02	4.948030E-02	1
8	57	-5.384418E-02	4.812756E-02	1
8	58	-5.598404E-02	4.677315E-02	1
8	59	-5.798926E-02	4.541734E-02	1
8	60	-5.987278E-02	4.406044E-02	1
8	61	-6.164525E-02	4.270274E-02	1
8	62	-6.331559E-02	4.134450E-02	1
8	63	-6.489135E-02	3.998597E-02	1
8	64	-6.637905E-02	3.862733E-02	1
8	65	-6.778431E-02	3.726873E-02	1
8	66	-6.911206E-02	3.591029E-02	1
8	67	-7.036662E-02	3.455210E-02	1
8	68	-7.155182E-02	3.319421E-02	1
8	69	-7.267105E-02	3.183666E-02	1
8	70	-7.372734E-02	3.047947E-02	1
8	71	-7.472340E-02	2.912265E-02	1
8	72	-7.566163E-02	2.776618E-02	1
8	73	-7.654422E-02	2.641006E-02	1
8	74	-7.737310E-02	2.505426E-02	1
8	75	-7.815005E-02	2.369875E-02	1
8	76	-7.887662E-02	2.234351E-02	1
8	77	-7.955424E-02	2.098851E-02	1
8	78	-8.018419E-02	1.963372E-02	1
8	79	-8.076762E-02	1.827912E-02	1
8	80	-8.129738E-02	1.696381E-02	1
8	81	-8.177340E-02	1.570363E-02	1
8	82	-8.221134E-02	1.442932E-02	1
8	83	-8.261097E-02	1.314207E-02	1
8	84	-8.297207E-02	1.184311E-02	1
8	85	-8.329444E-02	1.053365E-02	1
8	86	-8.357791E-02	9.214903E-03	1
8	87	-8.382232E-02	7.888071E-03	1
8	88	-8.402754E-02	6.554366E-03	1
8	89	-8.419346E-02	5.214995E-03	1
8	90	-8.431999E-02	3.871167E-03	1
8	91	-8.440704E-02	2.524087E-03	1
8	92	-8.445458E-02	1.174962E-03	1
9	1	8.564469E-02	1.174963E-03	-1
9	2	8.559753E-02	2.524103E-03	-1
9	3	8.551111E-02	3.871234E-03	-1
9	4	8.538549E-02	5.215167E-03	-1
9	5	8.522073E-02	6.554717E-03	-1
9	6	8.501692E-02	7.888695E-03	-1
9	7	8.477417E-02	9.215912E-03	-1
9	8	8.449261E-02	1.053518E-02	-1
9	9	8.417239E-02	1.184531E-02	-1
9	10	8.381367E-02	1.314511E-02	-1
9	11	8.340748E-02	1.448624E-02	-1
9	12	8.295157E-02	1.586627E-02	-1
9	13	8.245128E-02	1.724643E-02	-1
9	14	8.190577E-02	1.862675E-02	-1
9	15	8.131411E-02	2.000725E-02	-1
9	16	8.067525E-02	2.138795E-02	-1
9	17	7.998803E-02	2.276889E-02	-1
9	18	7.925115E-02	2.415009E-02	-1
9	19	7.846317E-02	2.553158E-02	-1
9	20	7.762250E-02	2.691339E-02	-1
9	21	7.672735E-02	2.829553E-02	-1
9	22	7.577575E-02	2.967802E-02	-1
9	23	7.476550E-02	3.106087E-02	-1
9	24	7.369416E-02	3.244409E-02	-1
9	25	7.255898E-02	3.382766E-02	-1
9	26	7.135690E-02	3.521156E-02	-1
9	27	7.008449E-02	3.659574E-02	-1
9	28	6.873788E-02	3.798014E-02	-1
9	29	6.731270E-02	3.936467E-02	-1
9	30	6.580395E-02	4.074919E-02	-1
9	31	6.420595E-02	4.213355E-02	-1
9	32	6.251211E-02	4.351756E-02	-1
9	33	6.071477E-02	4.490097E-02	-1
9	34	5.880489E-02	4.628353E-02	-1
9	35	5.677169E-02	4.766493E-02	-1
9	36	5.460201E-02	4.904489E-02	-1
9	37	5.227955E-02	5.042314E-02	-1
9	38	4.978352E-02	5.179950E-02	-1
9	39	4.708664E-02	5.317396E-02	-1
9	40	4.415175E-02	5.454683E-02	-1
9	41	4.092587E-02	5.591896E-02	-1
9	42	3.732902E-02	5.729207E-02	-1
9	43	3.323058E-02	5.866934E-02	-1
9	44	2.839171E-02	6.005641E-02	-1
9	45	2.228330E-02	6.146321E-02	-1
9	46	1.308322E-02	6.290807E-02	-1
9	47	-1.308322E-02	6.290807E-02	1
9	48	-2.228330E-02	6.146321E-02	1
9	49	-2.839171E-02	6.005641E-02	1
9	50	-3.323058E-02	5.866934E-02	1
9	51	-3.732902E-02	5.729207E-02	1
9	52	-4.092587E-02	5.591896E-02	1
9	53	-4.415175E-02	5.454683E-02	1
9	54	-4.708664E-02	5.317396E-02	1
9	55	-4.978352E-02	5.179950E-02	1
9	56	-5.227955E-02	5.042314E-02	1
9	57	-5.460201E-02	4.904489E-02	1
9	58	-5.677169E-02	4.766493E-02	1
9	59	-5.880489E-02	4.628353E-02	1
9	60	-6.071477E-02	4.490097E-02	1
9	61	-6.251211E-02	4.351756E-02	1
9	62	-6.420595E-02	4.213355E-02	1
9	63	-6.580395E-02	4.074919E-02	1
9	64	-6.731270E-02	3.936467E-02	1
9	65	-6.873788E-02	3.798014E-02	1
9	66	-7.008449E-02	3.659574E-02	1
9	67	-7.135690E-02	3.521156E-02	1
9	68	-7.255898E-02	3.382766E-02	1
9	69	-7.369416E-02	3.244409E-02	1
9	70	-7.476550E-02	3.106087E-02	1
9	71	-7.577575E-02	2.967802E-02	1
9	72	-7.672735E-02	2.829553E-02	1
9	73	-7.762250E-02	2.691339E-02	1
9	74	-7.846317E-02	2.553158E-02	1
9	75	-7.925115E-02	2.415009E-02	1
9	76	-7.998803E-02	2.276889E-02	1
9	77	-8.067525E-02	2.138795E-02	1
9	78	-8.131411E-02	2.000725E-02	1
9	79	-8.190577E-02	1.862675E-02	1
9	80	-8.245128E-02	1.724643E-02	1
9	81	-8.295157E-02	1.586627E-02	1
9	82	-8.340748E-02	1.448624E-02	1
9	83	-8.381367E-02	1.314511E-02	1
9	84	-8.417239E-02	1.184531E-02	1
9	85	-8.449261E-02	1.053518E-02	1
9	86	-8.477417E-02	9.215912E-03	1
9	87	-8.501692E-02	7.888695E-03	1
9	88	-8.522073E-02	6.554717E-03	1
9	89	-8.538549E-02	5.215167E-03	1
9	90	-8.551111E-02	3.871234E-03	1
9	91	-8.559753E-02	2.524103E-03	1
9	92	-8.564469E-02	1.174963E-03	1
10	1	8.683489E-02	1.174964E-03	-1
10	2	8.678885E-02	2.524142E-03	-1
10	3	8.670457E-02	3.871400E-03	-1
10	4	8.658209E-02	5.215607E-03	-1
10	5	8.642148E-02	6.555629E-03	-1
10	6	8.622282E-02	7.890335E-03	-1
10	7	8.598622E-02	9.218590E-03	-1
10	8	8.571180E-02	1.053926E-02	-1
10	9	8.539970E-02	1.185121E-02	-1
10	10	8.505007E-02	1.315331E-02	-1
10	11	8.466311E-02	1.444441E-02	-1
10	12	8.422096E-02	1.581972E-02	-1
10	13	8.373576E-02	1.719586E-02	-1
10	14	8.320685E-02	1.857216E-02	-1
10	15	8.263338E-02	1.994864E-02	-1
10	16	8.201438E-02	2.132532E-02	-1
10	17	8.134878E-02	2.270223E-02	-1
10	18	8.063540E-02	2.407939E-02	-1
10	19	7.987291E-02	2.545683E-02	-1
10	20	7.905986E-02	2.683456E-02	-1
10	21	7.819462E-02	2.821262E-02	-1
10	22	7.727541E-02	2.959100E-02	-1
10	23	7.630023E-02	3.096973E-02	-1
10	24	7.526687E-02	3.234881E-02	-1
10	25	7.417287E-02	3.372822E-02	-1
10	26	7.301550E-02	3.510795E-02	-1
10	27	7.179167E-02	3.648797E-02	-1
10	28	7.049797E-02	3.786821E-02	-1
10	29	6.913051E-02	3.924860E-02	-1
10	30	6.768492E-02	4.062904E-02	-1
10	31	6.615623E-02	4.200940E-02	-1
10	32	6.453874E-02	4.338950E-02	-1
10	33	6.282587E-02	4.476916E-02	-1
10	34	6.100995E-02	4.614815E-02	-1
10	35	5.908193E-02	4.752621E-02	-1
10	36	5.703097E-02	4.890307E-02	-1
10	37	5.484388E-02	5.027848E-02	-1
10	38	5.250425E-02	5.165221E-02	-1
10	39	4.999113E-02	5.302414E-02	-1
10	40	4.727703E-02	5.439433E-02	-1
10	41	4.432446E-02	5.576316E-02	-1
10	42	4.108002E-02	5.713156E-02	-1
10	43	3.746311E-02	5.850126E-02	-1
10	44	3.334237E-02	5.987543E-02	-1
10	45	2.847799E-02	6.125949E-02	-1
10	46	2.233987E-02	6.266284E-02	-1
10	47	1.310552E-02	6.410239E-02	-1
10	48	-1.310552E-02	6.410239E-02	1
10	49	-2.233987E-02	6.266284E-02	1
10	50	-2.847799E-02	6.125949E-02	1
10	51	-3.334237E-02	5.987543E-02	1
10	52	-3.746311E-02	5.850126E-02	1
10	53	-4.108002E-02	5.713156E-02	1
10	54	-4.432446E-02	5.576316E-02	1
10	55	-4.727703E-02	5.439433E-02	1
10	56	-4.999113E-02	5.302414E-02	1
10	57	-5.250425E-02	5.165221E-02	1
10	58	-5.484388E-02	5.027848E-02	1
10	59	-5.703097E-02	4.890307E-02	1
10	60	-5.908193E-02	4.752621E-02	1
10	61	-6.100995E-02	4.614815E-02	1
10	62	-6.282587E-02	4.476916E-02	1
10	63	-6.453874E-02	4.338950E-02	1
10	64	-6.615623E-02	4.200940E-02	1
10	65	-6.768492E-02	4.062904E-02	1
10	66	-6.913051E-02	3.924860E-02	1
10	67	-7.049797E-02	3.786821E-02	1
10	68	-7.179167E-02	3.648797E-02	1
10	69	-7.301550E-02	3.510795E-02	1
10	70	-7.417287E-02	3.372822E-02	1
10	71	-7.526687E-02	3.234881E-02	1
10	72	-7.630023E-02	3.096973E-02	1
10	73	-7.727541E-02	2.959100E-02	1
10	74	-7.819462E-02	2.821262E-02	1
10	75	-7.905986E-02	2.683456E-02	1
10	76	-7.987291E-02	2.545683E-02	1
10	77	-8.063540E-02	2.407939E-02	1
10	78	-8.134878E-02	2.270223E-02	1
10	79	-8.201438E-02	2.132532E-02	1
10	80	-8.263338E-02	1.994864E-02	1
10	81	-8.320685E-02	1.857216E-02	1
10	82	-8.373576E-02	1.719586E-02	1
10	83	-8.422096E-02	1.581972E-02	1
10	84	-8.466311E-02	1.444441E-02	1
10	85	-8.505007E-02	1.315331E-02	1
10	86	-8.539970E-02	1.185121E-02	1
10	87	-8.571180E-02	1.053926E-02	1
10	88	-8.598622E-02	9.218590E-03	1
10	89	-8.622282E-02	7.890335E-03	1
10	90	-8.642148E-02	6.555629E-03	1
10	91	-8.658209E-02	5.215607E-03	1
10	92	-8.670457E-02	3.871400E-03	1
10	93	-8.678885E-02	2.524142E-03	1
10	94	-8.683489E-02	1.174964E-03	1
11	1	8.802508E-02	1.174965E-03	-1
11	2	8.798011E-02	2.524177E-03	-1
11	3	8.789786E-02	3.871555E-03	-1
11	4	8.777837E-02	5.216018E-03	-1
11	5	8.762170E-02	6.556482E-03	-1
11	6	8.742794E-02	7.891868E-03	-1
11	7	8.719718E-02	9.221092E-03	-1
11	8	8.692954E-02	1.054307E-02	-1
11	9	8.662515E-02	1.185672E-02	-1
11	10	8.628417E-02	1.316097E-02	-1
11	11	8.590677E-02	1.445471E-02	-1
11	12	8.548607E-02	1.577518E-02	-1
11	13	8.501512E-02	1.714746E-02	-1
11	14	8.450188E-02	1.851990E-02	-1
11	15	8.394557E-02	1.989253E-02	-1
11	16	8.334529E-02	2.126534E-02	-1
11	17	8.270005E-02	2.263838E-02	-1
11	18	8.200876E-02	2.401167E-02	-1
11	19	8.127022E-02	2.538521E-02	-1
11	20	8.048308E-02	2.675905E-02	-1
11	21	7.964588E-02	2.813318E-02	-1
11	22	7.875697E-02	2.950763E-02	-1
11	23	7.781454E-02	3.088241E-02	-1
11	24	7.681660E-02	3.225751E-02	-1
11	25	7.576092E-02	3.363294E-02	-1
11	26	7.464503E-02	3.500868E-02	-1
11	27	7.346619E-02	3.638469E-02	-1
11	28	7.222133E-02	3.776093E-02	-1
11	29	7.090701E-02	3.913735E-02	-1
11	30	6.951935E-02	4.051385E-02	-1
11	31	6.805399E-02	4.189032E-02	-1
11	32	6.650595E-02	4.326663E-02	-1
11	33	6.486953E-02	4.464260E-02	-1
11	34	6.313816E-02	4.601806E-02	-1
11	35	6.130414E-02	4.739277E-02	-1
11	36	5.935840E-02	4.876651E-02	-1
11	37	5.729007E-02	5.013902E-02	-1
11	38	5.508588E-02	5.151008E-02	-1
11	39	5.272932E-02	5.287951E-02	-1
11	40	5.019928E-02	5.424724E-02	-1
11	41	4.746805E-02	5.561341E-02	-1
11	42	4.449784E-02	5.697845E-02	-1
11	43	4.123481E-02	5.834333E-02	-1
11	44	3.759781E-02	5.970982E-02	-1
11	45	3.345476E-02	6.108103E-02	-1
11	46	2.856498E-02	6.246218E-02	-1
11	47	2.239742E-02	6.386213E-02	-1
11	48	1.312906E-02	6.529652E-02	-1
11	49	-1.312906E-02	6.529652E-02	1
11	50	-2.239742E-02	6.386213E-02	1
11	51	-2.856498E-02	6.246218E-02	1
11	52	-3.345476E-02	6.108103E-02	1
11	53	-3.759781E-02	5.970982E-02	1
11	54	-4.123481E-02	5.834333E-02	1
11	55	-4.449784E-02	5.697845E-02	1
11	56	-4.746805E-02	5.561341E-02	1
11	57	-5.019928E-02	5.424724E-02	1
11	58	-5.272932E-02	5.287951E-02	1
11	59	-5.508588E-02	5.151008E-02	1
11	60	-5.729007E-02	5.013902E-02	1
11	61	-5.935840E-02	4.876651E-02	1
11	62	-6.130414E-02	4.739277E-02	1
11	63	-6.313816E-02	4.601806E-02	1
11	64	-6.486953E-02	4.464260E-02	1
11	65	-6.650595E-02	4.326663E-02	1
11	66	-6.805399E-02	4.189032E-02	1
11	67	-6.951935E-02	4.051385E-02	1
11	68	-7.090701E-02	3.913735E-02	1
11	69	-7.222133E-02	3.776093E-02	1
11	70	-7.346619E-02	3.638469E-02	1
11	71	-7.464503E-02	3.500868E-02	1
11	72	-7.576092E-02	3.363294E-02	1
11	73	-7.681660E-02	3.225751E-02	1
11	74	-7.781454E-02	3.088241E-02	1
11	75	-7.875697E-02	2.950763E-02	1
11	76	-7.964588E-02	2.813318E-02	1
11	77	-8.048308E-02	2.675905E-02	1
11	78	-8.127022E-02	2.538521E-02	1
11	79	-8.200876E-02	2.401167E-02	1
11	80	-8.270005E-02	2.263838E-02	1
11	81	-8.334529E-02	2.126534E-02	1
11	82	-8.394557E-02	1.989253E-02	1
11	83	-8.450188E-02	1.851990E-02	1
11	84	-8.501512E-02	1.714746E-02	1
11	85	-8.548607E-02	1.577518E-02	1
11	86	-8.590677E-02	1.445471E-02	1
11	87	-8.628417E-02	1.316097E-02	1
11	88	-8.662515E-02	1.185672E-02	1
11	89	-8.692954E-02	1.054307E-02	1
11	90	-8.719718E-02	9.221092E-03	1
11	91	-8.742794E-02	7.891868E-03	1
11	92	-8.762170E-02	6.556482E-03	1
11	93	-8.777837E-02	5.216018E-03	1
11	94	-8.789786E-02	3.871555E-03	1
11	95	-8.798011E-02	2.524177E-03	1
11	96	-8.802508E-02	1.174965E-03	1
12	1	8.921527E-02	1.174966E-03	-1
12	2	8.917131E-02	2.524211E-03	-1
12	3	8.909099E-02	3.871701E-03	-1
12	4	8.897434E-02	5.216403E-03	-1
12	5	8.882143E-02	6.557281E-03	-1
12	6	8.863232E-02	7.893303E-03	-1
12	7	8.840712E-02	9.223434E-03	-1
12	8	8.814593E-02	1.054664E-02	-1
12	9	8.784889E-02	1.186188E-02	-1
12	10	8.751613E-02	1.316813E-02	-1
12	11	8.714782E-02	1.446435E-02	-1
12	12	8.674413E-02	1.574950E-02	-1
12	13	8.628975E-02	1.710109E-02	-1
12	14	8.579133E-02	1.846983E-02	-1
12	15	8.525122E-02	1.983874E-02	-1
12	16	8.466860E-02	2.120785E-02	-1
12	17	8.404257E-02	2.257718E-02	-1
12	18	8.337211E-02	2.394674E-02	-1
12	19	8.265610E-02	2.531655E-02	-1
12	20	8.189334E-02	2.668663E-02	-1
12	21	8.108245E-02	2.805701E-02	-1
12	22	8.022195E-02	2.942768E-02	-1
12	23	7.931019E-02	3.079866E-02	-1
12	24	7.834534E-02	3.216996E-02	-1
12	25	7.732540E-02	3.354156E-02	-1
12	26	7.624814E-02	3.491346E-02	-1
12	27	7.511107E-02	3.628563E-02	-1
12	28	7.391146E-02	3.765803E-02	-1
12	29	7.264621E-02	3.903062E-02	-1
12	30	7.131190E-02	4.040332E-02	-1
12	31	6.990466E-02	4.177603E-02	-1
12	32	6.842011E-02	4.314865E-02	-1
12	33	6.685327E-02	4.452103E-02	-1
12	34	6.519845E-02	4.589302E-02	-1
12	35	6.344905E-02	4.726441E-02	-1
12	36	6.159737E-02	4.863500E-02	-1
12	37	5.963431E-02	5.000458E-02	-1
12	38	5.754895E-02	5.137292E-02	-1
12	39	5.532795E-02	5.273983E-02	-1
12	40	5.295467E-02	5.410517E-02	-1
12	41	5.040787E-02	5.546893E-02	-1
12	42	4.765960E-02	5.683129E-02	-1
12	43	4.467176E-02	5.819276E-02	-1
12	44	4.139013E-02	5.955432E-02	-1
12	45	3.773303E-02	6.091778E-02	-1
12	46	3.356771E-02	6.228616E-02	-1
12	47	2.865264E-02	6.366448E-02	-1
12	48	2.245593E-02	6.506110E-02	-1
12	49	1.315380E-02	6.649047E-02	-1
12	50	-1.315380E-02	6.649047E-02	1
12	51	-2.245593E-02	6.506110E-02	1
12	52	-2.865264E-02	6.366448E-02	1
12	53	-3.356771E-02	6.228616E-02	1
12	54	-3.773303E-02	6.091778E-02	1
12	55	-4.139013E-02	5.955432E-02	1
12	56	-4.467176E-02	5.819276E-02	1
12	57	-4.765960E-02	5.683129E-02	1
12	58	-5.040787E-02	5.546893E-02	1
12	59	-5.295467E-02	5.410517E-02	1
12	60	-5.532795E-02	5.273983E-02	1
12	61	-5.754895E-02	5.137292E-02	1
12	62	-5.963431E-02	5.000458E-02	1
12	63	-6.159737E-02	4.863500E-02	1
12	64	-6.344905E-02	4.726441E-02	1
12	65	-6.519845E-02	4.589302E-02	1
12	66	-6.685327E-02	4.452103E-02	1
12	67	-6.842011E-02	4.314865E-02	1
12	68	-6.990466E-02	4.177603E-02	1
12	69	-7.131190E-02	4.040332E-02	1
12	70	-7.264621E-02	3.903062E-02	1
12	71	-7.391146E-02	3.765803E-02	1
12	72	-7.511107E-02	3.628563E-02	1
12	73	-7.624814E-02	3.491346E-02	1
12	74	-7.732540E-02	3.354156E-02	1
12	75	-7.834534E-02	3.216996E-02	1
12	76	-7.931019E-02	3.079866E-02	1
12	77	-8.022195E-02	2.942768E-02	1
12	78	-8.108245E-02	2.805701E-02	1
12	79	-8.189334E-02	2.668663E-02	1
12	80	-8.265610E-02	2.531655E-02	1
12	81	-8.337211E-02	2.394674E-02	1
12	82	-8.404257E-02	2.257718E-02	1
12	83	-8.466860E-02	2.120785E-02	1
12	84	-8.525122E-02	1.983874E-02	1
12	85	-8.579133E-02	1.846983E-02	1
12	86	-8.628975E-02	1.710109E-02	1
12	87	-8.674413E-02	1.574950E-02	1
12	88	-8.714782E-02	1.446435E-02	1
12	89	-8.751613E-02	1.316813E-02	1
12	90	-8.784889E-02	1.186188E-02	1
12	91	-8.814593E-02	1.054664E-02	1
12	92	-8.840712E-02	9.223434E-03	1
12	93	-8.863232E-02	7.893303E-03	1
12	94	-8.882143E-02	6.557281E-03	1
12	95	-8.897434E-02	5.216403E-03	1
12	96	-8.909099E-02	3.871701E-03	1
12	97	-8.917131E-02	2.524211E-03	1
12	98	-8.921527E-02	1.174966E-03	1
13	1	9.040544E-02	1.174967E-03	-1
13	2	9.036246E-02	2.524243E-03	-1
13	3	9.028398E-02	3.871838E-03	-1
13	4	9.017004E-02	5.216763E-03	-1
13	5	9.002070E-02	6.558030E-03	-1
13	6	8.983603E-02	7.894649E-03	-1
13	7	8.961612E-02	9.225629E-03	-1
13	8	8.936108E-02	1.054998E-02	-1
13	9	8.907102E-02	1.186672E-02	-1
13	10	8.874609E-02	1.317485E-02	-1
13	11	8.838645E-02	1.447338E-02	-1
13	12	8.799225E-02	1.576132E-02	-1
13	13	8.756001E-02	1.705661E-02	-1
13	14	8.707561E-02	1.842179E-02	-1
13	15	8.655084E-02	1.978715E-02	-1
13	16	8.598492E-02	2.115270E-02	-1
13	17	8.537702E-02	2.251845E-02	-1
13	18	8.472621E-02	2.388443E-02	-1
13	19	8.403146E-02	2.525066E-02	-1
13	20	8.329164E-02	2.661714E-02	-1
13	21	8.250552E-02	2.798390E-02	-1
13	22	8.167171E-02	2.935094E-02	-1
13	23	8.078871E-02	3.071828E-02	-1
13	24	7.985487E-02	3.208591E-02	-1
13	25	7.886835E-02	3.345384E-02	-1
13	26	7.782712E-02	3.482206E-02	-1
13	27	7.672896E-02	3.619054E-02	-1
13	28	7.557138E-02	3.755925E-02	-1
13	29	7.435163E-02	3.892815E-02	-1
13	30	7.306662E-02	4.029719E-02	-1
13	31	7.171292E-02	4.166627E-02	-1
13	32	7.028666E-02	4.303531E-02	-1
13	33	6.878346E-02	4.440419E-02	-1
13	34	6.719834E-02	4.577277E-02	-1
13	35	6.552559E-02	4.714089E-02	-1
13	36	6.375861E-02	4.850835E-02	-1
13	37	6.188968E-02	4.987498E-02	-1
13	38	5.990966E-02	5.124056E-02	-1
13	39	5.780758E-02	5.260491E-02	-1
13	40	5.557001E-02	5.396785E-02	-1
13	41	5.318022E-02	5.532931E-02	-1
13	42	5.061678E-02	5.668931E-02	-1
13	43	4.785155E-02	5.804807E-02	-1
13	44	4.484613E-02	5.940616E-02	-1
13	45	4.154592E-02	6.076460E-02	-1
13	46	3.786872E-02	6.212517E-02	-1
13	47	3.368116E-02	6.349084E-02	-1
13	48	2.874097E-02	6.486642E-02	-1
13	49	2.251538E-02	6.625977E-02	-1
13	50	1.317968E-02	6.768424E-02	-1
13	51	-1.317968E-02	6.768424E-02	1
13	52	-2.251538E-02	6.625977E-02	1
13	53	-2.874097E-02	6.486642E-02	1
13	54	-3.368116E-02	6.349084E-02	1
13	55	-3.786872E-02	6.212517E-02	1
13	56	-4.154592E-02	6.076460E-02	1
13	57	-4.484613E-02	5.940616E-02	1
13	58	-4.785155E-02	5.804807E-02	1
13	59	-5.061678E-02	5.668931E-02	1
13	60	-5.318022E-02	5.532931E-02	1
13	61	-5.557001E-02	5.396785E-02	1
13	62	-5.780758E-02	5.260491E-02	1
13	63	-5.990966E-02	5.124056E-02	1
13	64	-6.188968E-02	4.987498E-02	1
13	65	-6.375861E-02	4.850835E-02	1
13	66	-6.552559E-02	4.714089E-02	1
13	67	-6.719834E-02	4.577277E-02	1
13	68	-6.878346E-02	4.440419E-02	1
13	69	-7.028666E-02	4.303531E-02	1
13	70	-7.171292E-02	4.166627E-02	1
13	71	-7.306662E-02	4.029719E-02	1
13	72	-7.435163E-02	3.892815E-02	1
13	73	-7.557138E-02	3.755925E-02	1
13	74	-7.672896E-02	3.619054E-02	1
13	75	-7.782712E-02	3.482206E-02	1
13	76	-7.886835E-02	3.345384E-02	1
13	77	-7.985487E-02	3.208591E-02	1
13	78	-8.078871E-02	3.071828E-02	1
13	79	-8.167171E-02	2.935094E-02	1
13	80	-8.250552E-02	2.798390E-02	1
13	81	-8.329164E-02	2.661714E-02	1
13	82	-8.403146E-02	2.525066E-02	1
13	83	-8.472621E-02	2.388443E-02	1
13	84	-8.537702E-02	2.251845E-02	1
13	85	-8.598492E-02	2.115270E-02	1
13	86	-8.655084E-02	1.978715E-02	1
13	87	-8.707561E-02	1.842179E-02	1
13	88	-8.756001E-02	1.705661E-02	1
13	89	-8.799225E-02	1.576132E-02	1
13	90	-8.838645E-02	1.447338E-02	1
13	91	-8.874609E-02	1.317485E-02	1
13	92	-8.907102E-02	1.186672E-02	1
13	93	-8.936108E-02	1.054998E-02	1
13	94	-8.961612E-02	9.225629E-03	1
13	95	-8.983603E-02	7.894649E-03	1
13	96	-9.002070E-02	6.558030E-03	1
13	97	-9.017004E-02	5.216763E-03	1
13	98	-9.028398E-02	3.871838E-03	1
13	99	-9.036246E-02	2.524243E-03	1
13	100	-9.040544E-02	1.174967E-03	1
14	1	9.159561E-02	1.174968E-03	-1
14	2	9.155356E-02	2.524272E-03	-1
14	3	9.147683E-02	3.871966E-03	-1
14	4	9.136548E-02	5.217102E-03	-1
14	5	9.121955E-02	6.558733E-03	-1
14	6	9.103911E-02	7.895912E-03	-1
14	7	9.082424E-02	9.227690E-03	-1
14	8	9.057506E-02	1.055312E-02	-1
14	9	9.029167E-02	1.187126E-02	-1
14	10	8.997421E-02	1.318115E-02	-1
14	11	8.962282E-02	1.448185E-02	-1
14	12	8.923767E-02	1.577241E-02	-1
14	13	8.881894E-02	1.705189E-02	-1
14	14	8.835512E-02	1.837568E-02	-1
14	15	8.784486E-02	1.973761E-02	-1
14	16	8.729476E-02	2.109973E-02	-1
14	17	8.670402E-02	2.246205E-02	-1
14	18	8.607178E-02	2.382459E-02	-1
14	19	8.539710E-02	2.518737E-02	-1
14	20	8.467894E-02	2.655039E-02	-1
14	21	8.391614E-02	2.791367E-02	-1
14	22	8.310746E-02	2.927722E-02	-1
14	23	8.225150E-02	3.064106E-02	-1
14	24	8.134676E-02	3.200518E-02	-1
14	25	8.039155E-02	3.336958E-02	-1
14	26	7.938404E-02	3.473425E-02	-1
14	27	7.832221E-02	3.609919E-02	-1
14	28	7.720380E-02	3.746435E-02	-1
14	29	7.602632E-02	3.882971E-02	-1
14	30	7.478703E-02	4.019521E-02	-1
14	31	7.348284E-02	4.156079E-02	-1
14	32	7.211030E-02	4.292637E-02	-1
14	33	7.066555E-02	4.429184E-02	-1
14	34	6.914421E-02	4.565709E-02	-1
14	35	6.754128E-02	4.702198E-02	-1
14	36	6.585105E-02	4.838635E-02	-1
14	37	6.406690E-02	4.975003E-02	-1
14	38	6.218109E-02	5.111284E-02	-1
14	39	6.018444E-02	5.247458E-02	-1
14	40	5.806591E-02	5.383511E-02	-1
14	41	5.581201E-02	5.519428E-02	-1
14	42	5.340588E-02	5.655204E-02	-1
14	43	5.082594E-02	5.790846E-02	-1
14	44	4.804382E-02	5.926383E-02	-1
14	45	4.502086E-02	6.061872E-02	-1
14	46	4.170207E-02	6.197419E-02	-1
14	47	3.800481E-02	6.333202E-02	-1
14	48	3.379510E-02	6.469509E-02	-1
14	49	2.882994E-02	6.606799E-02	-1
14	50	2.257575E-02	6.745813E-02	-1
14	51	1.320664E-02	6.887784E-02	-1
14	52	-1.320664E-02	6.887784E-02	1
14	53	-2.257575E-02	6.745813E-02	1
14	54	-2.882994E-02	6.606799E-02	1
14	55	-3.379510E-02	6.469509E-02	1
14	56	-3.800481E-02	6.333202E-02	1
14	57	-4.170207E-02	6.197419E-02	1
14	58	-4.502086E-02	6.061872E-02	1
14	59	-4.804382E-02	5.926383E-02	1
14	60	-5.082594E-02	5.790846E-02	1
14	61	-5.340588E-02	5.655204E-02	1
14	62	-5.581201E-02	5.519428E-02	1
14	63	-5.806591E-02	5.383511E-02	1
14	64	-6.018444E-02	5.247458E-02	1
14	65	-6.218109E-02	5.111284E-02	1
14	66	-6.406690E-02	4.975003E-02	1
14	67	-6.585105E-02	4.838635E-02	1
14	68	-6.754128E-02	4.702198E-02	1
14	69	-6.914421E-02	4.565709E-02	1
14	70	-7.066555E-02	4.429184E-02	1
14	71	-7.211030E-02	4.292637E-02	1
14	72	-7.348284E-02	4.156079E-02	1
14	73	-7.478703E-02	4.019521E-02	1
14	74	-7.602632E-02	3.882971E-02	1
14	75	-7.720380E-02	3.746435E-02	1
14	76	-7.832221E-02	3.609919E-02	1
14	77	-7.938404E-02	3.473425E-02	1
14	78	-8.039155E-02	3.336958E-02	1
14	79	-8.134676E-02	3.200518E-02	1
14	80	-8.225150E-02	3.064106E-02	1
14	81	-8.310746E-02	2.927722E-02	1
14	82	-8.391614E-02	2.791367E-02	1
14	83	-8.467894E-02	2.655039E-02	1
14	84	-8.539710E-02	2.518737E-02	1
14	85	-8.607178E-02	2.382459E-02	1
14	86	-8.670402E-02	2.246205E-02	1
14	87	-8.729476E-02	2.109973E-02	1
14	88	-8.784486E-02	1.973761E-02	1
14	89	-8.835512E-02	1.837568E-02	1
14	90	-8.881894E-02	1.705189E-02	1
14	91	-8.923767E-02	1.577241E-02	1
14	92	-8.962282E-02	1.448185E-02	1
14	93	-8.997421E-02	1.318115E-02	1
14	94	-9.029167E-02	1.187126E-02	1
14	95	-9.057506E-02	1.055312E-02	1
14	96	-9.082424E-02	9.227690E-03	1
14	97	-9.103911E-02	7.895912E-03	1
14	98	-9.121955E-02	6.558733E-03	1
14	99	-9.136548E-02	5.217102E-03	1
14	100	-9.147683E-02	3.871966E-03	1
14	101	-9.155356E-02	2.524272E-03	1
14	102	-9.159561E-02	1.174968E-03	1
15	1	9.278578E-02	1.174969E-03	-1
15	2	9.274461E-02	2.524300E-03	-1
15	3	9.266956E-02	3.872087E-03	-1
15	4	9.256067E-02	5.217421E-03	-1
15	5	9.241800E-02	6.559394E-03	-1
15	6	9.224160E-02	7.897099E-03	-1
15	7	9.203155E-02	9.229626E-03	-1
15	8	9.178796E-02	1.055607E-02	-1
15	9	9.151093E-02	1.187552E-02	-1
15	10	9.120060E-02	1.318707E-02	-1
15	11	9.085710E-02	1.448981E-02	-1
15	12	9.048058E-02	1.578283E-02	-1
15	13	9.007123E-02	1.706523E-02	-1
15	14	8.962922E-02	1.833609E-02	-1
15	15	8.913371E-02	1.969001E-02	-1
15	16	8.859859E-02	2.104883E-02	-1
15	17	8.802410E-02	2.240785E-02	-1
15	18	8.740945E-02	2.376708E-02	-1
15	19	8.675375E-02	2.512653E-02	-1
15	20	8.605605E-02	2.648622E-02	-1
15	21	8.531527E-02	2.784616E-02	-1
15	22	8.453028E-02	2.920636E-02	-1
15	23	8.369979E-02	3.056682E-02	-1
15	24	8.282241E-02	3.192756E-02	-1
15	25	8.189661E-02	3.328857E-02	-1
15	26	8.092072E-02	3.464984E-02	-1
15	27	7.989288E-02	3.601136E-02	-1
15	28	7.881105E-02	3.737311E-02	-1
15	29	7.767299E-02	3.873505E-02	-1
15	30	7.647621E-02	4.009715E-02	-1
15	31	7.521795E-02	4.145934E-02	-1
15	32	7.389511E-02	4.282157E-02	-1
15	33	7.250426E-02	4.418374E-02	-1
15	34	7.104151E-02	4.554575E-02	-1
15	35	6.950249E-02	4.690748E-02	-1
15	36	6.788219E-02	4.826880E-02	-1
15	37	6.617489E-02	4.962955E-02	-1
15	38	6.437396E-02	5.098958E-02	-1
15	39	6.247161E-02	5.234870E-02	-1
15	40	6.045863E-02	5.370677E-02	-1
15	41	5.832392E-02	5.506364E-02	-1
15	42	5.605389E-02	5.641920E-02	-1
15	43	5.363158E-02	5.777345E-02	-1
15	44	5.103525E-02	5.912649E-02	-1
15	45	4.823633E-02	6.047863E-02	-1
15	46	4.519587E-02	6.183049E-02	-1
15	47	4.185854E-02	6.318315E-02	-1
15	48	3.814125E-02	6.453836E-02	-1
15	49	3.390947E-02	6.589892E-02	-1
15	50	2.891953E-02	6.726920E-02	-1
15	51	2.263701E-02	6.865619E-02	-1
15	52	1.323463E-02	7.007128E-02	-1
15	53	-1.323463E-02	7.007128E-02	1
15	54	-2.263701E-02	6.865619E-02	1
15	55	-2.891953E-02	6.726920E-02	1
15	56	-3.390947E-02	6.589892E-02	1
15	57	-3.814125E-02	6.453836E-02	1
15	58	-4.185854E-02	6.318315E-02	1
15	59	-4.519587E-02	6.183049E-02	1
15	60	-4.823633E-02	6.047863E-02	1
15	61	-5.103525E-02	5.912649E-02	1
15	62	-5.363158E-02	5.777345E-02	1
15	63	-5.605389E-02	5.641920E-02	1
15	64	-5.832392E-02	5.506364E-02	1
15	65	-6.045863E-02	5.370677E-02	1
15	66	-6.247161E-02	5.234870E-02	1
15	67	-6.437396E-02	5.098958E-02	1
15	68	-6.617489E-02	4.962955E-02	1
15	69	-6.788219E-02	4.826880E-02	1
15	70	-6.950249E-02	4.690748E-02	1
15	71	-7.104151E-02	4.554575E-02	1
15	72	-7.250426E-02	4.418374E-02	1
15	73	-7.389511E-02	4.282157E-02	1
15	74	-7.521795E-02	4.145934E-02	1
15	75	-7.647621E-02	4.009715E-02	1
15	76	-7.767299E-02	3.873505E-02	1
15	77	-7.881105E-02	3.737311E-02	1
15	78	-7.989288E-02	3.601136E-02	1
15	79	-8.092072E-02	3.464984E-02	1
15	80	-8.189661E-02	3.328857E-02	1
15	81	-8.282241E-02	3.192756E-02	1
15	82	-8.369979E-02	3.056682E-02	1
15	83	-8.453028E-02	2.920636E-02	1
15	84	-8.531527E-02	2.784616E-02	1
15	85	-8.605605E-02	2.648622E-02	1
15	86	-8.675375E-02	2.512653E-02	1
15	87	-8.740945E-02	2.376708E-02	1
15	88	-8.802410E-02	2.240785E-02	1
15	89	-8.859859E-02	2.104883E-02	1
15	90	-8.913371E-02	1.969001E-02	1
15	91	-8.962922E-02	1.833609E-02	1
15	92	-9.007123E-02	1.706523E-02	1
15	93	-9.048058E-02	1.578283E-02	1
15	94	-9.085710E-02	1.448981E-02	1
15	95	-9.120060E-02	1.318707E-02	1
15	96	-9.151093E-02	1.187552E-02	1
15	97	-9.178796E-02	1.055607E-02	1
15	98	-9.203155E-02	9.229626E-03	1
15	99	-9.224160E-02	7.897099E-03	1
15	100	-9.241800E-02	6.559394E-03	1
15	101	-9.256067E-02	5.217421E-03	1
15	102	-9.266956E-02	3.872087E-03	1
15	103	-9.274461E-02	2.524300E-03	1
15	104	-9.278578E-02	1.174969E-03	1
16	1	9.397594E-02	1.174969E-03	-1
16	2	9.393561E-02	2.524327E-03	-1
16	3	9.386217E-02	3.872201E-03	-1
16	4	9.375564E-02	5.217721E-03	-1
16	5	9.361608E-02	6.560016E-03	-1
16	6	9.344354E-02	7.898216E-03	-1
16	7	9.323810E-02	9.231448E-03	-1
16	8	9.299985E-02	1.055884E-02	-1
16	9	9.272891E-02	1.187953E-02	-1
16	10	9.242538E-02	1.319264E-02	-1
16	11	9.208941E-02	1.449729E-02	-1
16	12	9.172115E-02	1.579263E-02	-1
16	13	9.132075E-02	1.707778E-02	-1
16	14	9.088841E-02	1.835186E-02	-1
16	15	9.041774E-02	1.964422E-02	-1
16	16	8.989684E-02	2.099987E-02	-1
16	17	8.933778E-02	2.235571E-02	-1
16	18	8.873979E-02	2.371175E-02	-1
16	19	8.810207E-02	2.506800E-02	-1
16	20	8.742373E-02	2.642449E-02	-1
16	21	8.670378E-02	2.778121E-02	-1
16	22	8.594116E-02	2.913818E-02	-1
16	23	8.513469E-02	3.049540E-02	-1
16	24	8.428309E-02	3.185289E-02	-1
16	25	8.338497E-02	3.321063E-02	-1
16	26	8.243877E-02	3.456862E-02	-1
16	27	8.144282E-02	3.592686E-02	-1
16	28	8.039525E-02	3.728532E-02	-1
16	29	7.929403E-02	3.864397E-02	-1
16	30	7.813689E-02	4.000279E-02	-1
16	31	7.692135E-02	4.136172E-02	-1
16	32	7.564463E-02	4.272070E-02	-1
16	33	7.430365E-02	4.407966E-02	-1
16	34	7.289497E-02	4.543852E-02	-1
16	35	7.141469E-02	4.679717E-02	-1
16	36	6.985843E-02	4.815549E-02	-1
16	37	6.822118E-02	4.951335E-02	-1
16	38	6.649719E-02	5.087061E-02	-1
16	39	6.467982E-02	5.222711E-02	-1
16	40	6.276124E-02	5.358270E-02	-1
16	41	6.073221E-02	5.493724E-02	-1
16	42	5.858155E-02	5.629061E-02	-1
16	43	5.629560E-02	5.764273E-02	-1
16	44	5.385726E-02	5.899363E-02	-1
16	45	5.124465E-02	6.034345E-02	-1
16	46	4.842900E-02	6.169253E-02	-1
16	47	4.537109E-02	6.304153E-02	-1
16	48	4.201526E-02	6.439151E-02	-1
16	49	3.827801E-02	6.574421E-02	-1
16	50	3.402426E-02	6.710234E-02	-1
16	51	2.900970E-02	6.847008E-02	-1
16	52	2.269911E-02	6.985397E-02	-1
16	53	1.326360E-02	7.126456E-02	-1
16	54	-1.326360E-02	7.126456E-02	1
16	55	-2.269911E-02	6.985397E-02	1
16	56	-2.900970E-02	6.847008E-02	1
16	57	-3.402426E-02	6.710234E-02	1
16	58	-3.827801E-02	6.574421E-02	1
16	59	-4.201526E-02	6.439151E-02	1
16	60	-4.537109E-02	6.304153E-02	1
16	61	-4.842900E-02	6.169253E-02	1
16	62	-5.124465E-02	6.034345E-02	1
16	63	-5.385726E-02	5.899363E-02	1
16	64	-5.629560E-02	5.764273E-02	1
16	65	-5.858155E-02	5.629061E-02	1
16	66	-6.073221E-02	5.493724E-02	1
16	67	-6.276124E-02	5.358270E-02	1
16	68	-6.467982E-02	5.222711E-02	1
16	69	-6.649719E-02	5.087061E-02	1
16	70	-6.822118E-02	4.951335E-02	1
16	71	-6.985843E-02	4.815549E-02	1
16	72	-7.141469E-02	4.679717E-02	1
16	73	-7.289497E-02	4.543852E-02	1
16	74	-7.430365E-02	4.407966E-02	1
16	75	-7.564463E-02	4.272070E-02	1
16	76	-7.692135E-02	4.136172E-02	1
16	77	-7.813689E-02	4.000279E-02	1
16	78	-7.929403E-02	3.864397E-02	1
16	79	-8.039525E-02	3.728532E-02	1
16	80	-8.144282E-02	3.592686E-02	1
16	81	-8.243877E-02	3.456862E-02	1
16	82	-8.338497E-02	3.321063E-02	1
16	83	-8.428309E-02	3.185289E-02	1
16	84	-8.513469E-02	3.049540E-02	1
16	85	-8.594116E-02	2.913818E-02	1
16	86	-8.670378E-02	2.778121E-02	1
16	87	-8.742373E-02	2.642449E-02	1
16	88	-8.810207E-02	2.506800E-02	1
16	89	-8.873979E-02	2.371175E-02	1
16	90	-8.933778E-02	2.235571E-02	1
16	91	-8.989684E-02	2.099987E-02	1
16	92	-9.041774E-02	1.964422E-02	1
16	93	-9.088841E-02	1.835186E-02	1
16	94	-9.132075E-02	1.707778E-02	1
16	95	-9.172115E-02	1.579263E-02	1
16	96	-9.208941E-02	1.449729E-02	1
16	97	-9.242538E-02	1.319264E-02	1
16	98	-9.272891E-02	1.187953E-02	1
16	99	-9.299985E-02	1.055884E-02	1
16	100	-9.323810E-02	9.231448E-03	1
16	101	-9.344354E-02	7.898216E-03	1
16	102	-9.361608E-02	6.560016E-03	1
16	103	-9.375564E-02	5.217721E-03	1
16	104	-9.386217E-02	3.872201E-03	1
16	105	-9.393561E-02	2.524327E-03	1
16	106	-9.397594E-02	1.174969E-03	1
17	1	9.516609E-02	1.174970E-03	-1
17	2	9.512658E-02	2.524352E-03	-1
17	3	9.505467E-02	3.872308E-03	-1
17	4	9.495040E-02	5.218004E-03	-1
17	5	9.481381E-02	6.560603E-03	-1
17	6	9.464496E-02	7.899268E-03	-1
17	7	9.444393E-02	9.233164E-03	-1
17	8	9.421080E-02	1.056146E-02	-1
17	9	9.394567E-02	1.188331E-02	-1
17	10	9.364866E-02	1.319788E-02	-1
17	11	9.331990E-02	1.450434E-02	-1
17	12	9.295953E-02	1.580186E-02	-1
17	13	9.256770E-02	1.708959E-02	-1
17	14	9.214460E-02	1.836671E-02	-1
17	15	9.169039E-02	1.963237E-02	-1
17	16	9.118991E-02	2.095274E-02	-1
17	17	9.064549E-02	2.230552E-02	-1
17	18	9.006332E-02	2.365849E-02	-1
17	19	8.944266E-02	2.501166E-02	-1
17	20	8.878266E-02	2.636506E-02	-1
17	21	8.808243E-02	2.771868E-02	-1
17	22	8.734097E-02	2.907254E-02	-1
17	23	8.655720E-02	3.042664E-02	-1
17	24	8.572994E-02	3.178099E-02	-1
17	25	8.485790E-02	3.313559E-02	-1
17	26	8.393966E-02	3.449043E-02	-1
17	27	8.297367E-02	3.584550E-02	-1
17	28	8.195825E-02	3.720079E-02	-1
17	29	8.089153E-02	3.855628E-02	-1
17	30	7.977146E-02	3.991193E-02	-1
17	31	7.859578E-02	4.126770E-02	-1
17	32	7.736199E-02	4.262355E-02	-1
17	33	7.606732E-02	4.397941E-02	-1
17	34	7.470868E-02	4.533520E-02	-1
17	35	7.328261E-02	4.669084E-02	-1
17	36	7.178523E-02	4.804623E-02	-1
17	37	7.021214E-02	4.940124E-02	-1
17	38	6.855832E-02	5.075576E-02	-1
17	39	6.681800E-02	5.210964E-02	-1
17	40	6.498451E-02	5.346275E-02	-1
17	41	6.305000E-02	5.481494E-02	-1
17	42	6.100517E-02	5.616609E-02	-1
17	43	5.883878E-02	5.751611E-02	-1
17	44	5.653707E-02	5.886496E-02	-1
17	45	5.408285E-02	6.021267E-02	-1
17	46	5.145407E-02	6.155943E-02	-1
17	47	4.862176E-02	6.290561E-02	-1
17	48	4.554646E-02	6.425187E-02	-1
17	49	4.217219E-02	6.559930E-02	-1
17	50	3.841503E-02	6.694959E-02	-1
17	51	3.413943E-02	6.830537E-02	-1
17	52	2.910044E-02	6.967061E-02	-1
17	53	2.276203E-02	7.105148E-02	-1
17	54	1.329349E-02	7.245770E-02	-1
17	55	-1.329349E-02	7.245770E-02	1
17	56	-2.276203E-02	7.105148E-02	1
17	57	-2.910044E-02	6.967061E-02	1
17	58	-3.413943E-02	6.830537E-02	1
17	59	-3.841503E-02	6.694959E-02	1
17	60	-4.217219E-02	6.559930E-02	1
17	61	-4.554646E-02	6.425187E-02	1
17	62	-4.862176E-02	6.290561E-02	1
17	63	-5.145407E-02	6.155943E-02	1
17	64	-5.408285E-02	6.021267E-02	1
17	65	-5.653707E-02	5.886496E-02	1
17	66	-5.883878E-02	5.751611E-02	1
17	67	-6.100517E-02	5.616609E-02	1
17	68	-6.305000E-02	5.481494E-02	1
17	69	-6.498451E-02	5.346275E-02	1
17	70	-6.681800E-02	5.210964E-02	1
17	71	-6.855832E-02	5.075576E-02	1
17	72	-7.021214E-02	4.940124E-02	1
17	73	-7.178523E-02	4.804623E-02	1
17	74	-7.328261E-02	4.669084E-02	1
17	75	-7.470868E-02	4.533520E-02	1
17	76	-7.606732E-02	4.397941E-02	1
17	77	-7.736199E-02	4.262355E-02	1
17	78	-7.859578E-02	4.126770E-02	1
17	79	-7.977146E-02	3.991193E-02	1
17	80	-8.089153E-02	3.855628E-02	1
17	81	-8.195825E-02	3.720079E-02	1
17	82	-8.297367E-02	3.584550E-02	1
17	83	-8.393966E-02	3.449043E-02	1
17	84	-8.485790E-02	3.313559E-02	1
17	85	-8.572994E-02	3.178099E-02	1
17	86	-8.655720E-02	3.042664E-02	1
17	87	-8.734097E-02	2.907254E-02	1
17	88	-8.808243E-02	2.771868E-02	1
17	89	-8.878266E-02	2.636506E-02	1
17	90	-8.944266E-02	2.501166E-02	1
17	91	-9.006332E-02	2.365849E-02	1
17	92	-9.064549E-02	2.230552E-02	1
17	93	-9.118991E-02	2.095274E-02	1
17	94	-9.169039E-02	1.963237E-02	1
17	95	-9.214460E-02	1.836671E-02	1
17	96	-9.256770E-02	1.708959E-02	1
17	97	-9.295953E-02	1.580186E-02	1
17	98	-9.331990E-02	1.450434E-02	1
17	99	-9.364866E-02	1.319788E-02	1
17	100	-9.394567E-02	1.188331E-02	1
17	101	-9.421080E-02	1.056146E-02	1
17	102	-9.444393E-02	9.233164E-03	1
17	103	-9.464496E-02	7.899268E-03	1
17	104	-9.481381E-02	6.560603E-03	1
17	105	-9.495040E-02	5.218004E-03	1
17	106	-9.505467E-02	3.872308E-03	1
17	107	-9.512658E-02	2.524352E-03	1
17	108	-9.516609E-02	1.174970E-03	1
18	1	9.635617E-02	1.174971E-03	-1
18	2	9.631697E-02	2.524363E-03	-1
18	3	9.624558E-02	3.872352E-03	-1
18	4	9.614204E-02	5.218116E-03	-1
18	5	9.600640E-02	6.560830E-03	-1
18	6	9.583870E-02	7.899671E-03	-1
18	7	9.563903E-02	9.233817E-03	-1
18	8	9.540747E-02	1.056244E-02	-1
18	9	9.514410E-02	1.188473E-02	-1
18	10	9.484906E-02	1.319985E-02	-1
18	11	9.452246E-02	1.450698E-02	-1
18	12	9.416443E-02	1.580529E-02	-1
18	13	9.376125E-02	1.716999E-02	-1
18	14	9.332070E-02	1.854429E-02	-1
18	15	9.284386E-02	1.991874E-02	-1
18	16	9.233013E-02	2.129338E-02	-1
18	17	9.177888E-02	2.266820E-02	-1
18	18	9.118941E-02	2.404324E-02	-1
18	19	9.056095E-02	2.541849E-02	-1
18	20	8.989266E-02	2.679397E-02	-1
18	21	8.918363E-02	2.816968E-02	-1
18	22	8.843284E-02	2.954564E-02	-1
18	23	8.763921E-02	3.092185E-02	-1
18	24	8.680154E-02	3.229831E-02	-1
18	25	8.591852E-02	3.367502E-02	-1
18	26	8.498872E-02	3.505198E-02	-1
18	27	8.401058E-02	3.642917E-02	-1
18	28	8.298239E-02	3.780657E-02	-1
18	29	8.190224E-02	3.918416E-02	-1
18	30	8.076809E-02	4.056190E-02	-1
18	31	7.957764E-02	4.193976E-02	-1
18	32	7.832837E-02	4.331768E-02	-1
18	33	7.701747E-02	4.469558E-02	-1
18	34	7.564182E-02	4.607340E-02	-1
18	35	7.419792E-02	4.745105E-02	-1
18	36	7.268184E-02	4.882841E-02	-1
18	37	7.108913E-02	5.020538E-02	-1
18	38	6.941471E-02	5.158182E-02	-1
18	39	6.765275E-02	5.295760E-02	-1
18	40	6.579647E-02	5.433259E-02	-1
18	41	6.383794E-02	5.570663E-02	-1
18	42	6.176772E-02	5.707963E-02	-1
18	43	5.957442E-02	5.845148E-02	-1
18	44	5.724410E-02	5.982217E-02	-1
18	45	5.475930E-02	6.119174E-02	-1
18	46	5.209768E-02	6.256040E-02	-1
18	47	4.922985E-02	6.392853E-02	-1
18	48	4.611580E-02	6.529682E-02	-1
18	49	4.269877E-02	6.666637E-02	-1
18	50	3.889375E-02	6.803890E-02	-1
18	51	3.456343E-02	6.941702E-02	-1
18	52	2.945988E-02	7.080472E-02	-1
18	53	2.304068E-02	7.220808E-02	-1
18	54	1.345387E-02	7.363667E-02	-1
18	55	-1.345387E-02	7.363667E-02	1
18	56	-2.304068E-02	7.220808E-02	1
18	57	-2.945988E-02	7.080472E-02	1
18	58	-3.456343E-02	6.941702E-02	1
18	59	-3.889375E-02	6.803890E-02	1
18	60	-4.269877E-02	6.666637E-02	1
18	61	-4.611580E-02	6.529682E-02	1
18	62	-4.922985E-02	6.392853E-02	1
18	63	-5.209768E-02	6.256040E-02	1
18	64	-5.475930E-02	6.119174E-02	1
18	65	-5.724410E-02	5.982217E-02	1
18	66	-5.957442E-02	5.845148E-02	1
18	67	-6.176772E-02	5.707963E-02	1
18	68	-6.383794E-02	5.570663E-02	1
18	69	-6.579647E-02	5.433259E-02	1
18	70	-6.765275E-02	5.295760E-02	1
18	71	-6.941471E-02	5.158182E-02	1
18	72	-7.108913E-02	5.020538E-02	1
18	73	-7.268184E-02	4.882841E-02	1
18	74	-7.419792E-02	4.745105E-02	1
18	75	-7.564182E-02	4.607340E-02	1
18	76	-7.701747E-02	4.469558E-02	1
18	77	-7.832837E-02	4.331768E-02	1
18	78	-7.957764E-02	4.193976E-02	1
18	79	-8.076809E-02	4.056190E-02	1
18	80	-8.190224E-02	3.918416E-02	1
18	81	-8.298239E-02	3.780657E-02	1
18	82	-8.401058E-02	3.642917E-02	1
18	83	-8.498872E-02	3.505198E-02	1
18	84	-8.591852E-02	3.367502E-02	1
18	85	-8.680154E-02	3.229831E-02	1
18	86	-8.763921E-02	3.092185E-02	1
18	87	-8.843284E-02	2.954564E-02	1
18	88	-8.918363E-02	2.816968E-02	1
18	89	-8.989266E-02	2.679397E-02	1
18	90	-9.056095E-02	2.541849E-02	1
18	91	-9.118941E-02	2.404324E-02	1
18	92	-9.177888E-02	2.266821E-02	1
18	93	-9.233013E-02	2.129338E-02	1
18	94	-9.284386E-02	1.991874E-02	1
18	95	-9.332070E-02	1.854429E-02	1
18	96	-9.376125E-02	1.716999E-02	1
18	97	-9.416443E-02	1.580529E-02	1
18	98	-9.452246E-02	1.450698E-02	1
18	99	-9.484906E-02	1.319985E-02	1
18	100	-9.514410E-02	1.188473E-02	1
18	101	-9.540747E-02	1.056244E-02	1
18	102	-9.563903E-02	9.233817E-03	1
18	103	-9.583870E-02	7.899671E-03	1
18	104	-9.600640E-02	6.560830E-03	1
18	105	-9.614204E-02	5.218116E-03	1
18	106	-9.624558E-02	3.872352E-03	1
18	107	-9.631697E-02	2.524363E-03	1
18	108	-9.635617E-02	1.174971E-03	1
19	1	9.754632E-02	1.174972E-03	-1
19	2	9.750789E-02	2.524386E-03	-1
19	3	9.743796E-02	3.872452E-03	-1
19	4	9.733657E-02	5.218378E-03	-1
19	5	9.720375E-02	6.561373E-03	-1
19	6	9.703957E-02	7.900646E-03	-1
19	7	9.684409E-02	9.235406E-03	-1
19	8	9.661738E-02	1.056486E-02	-1
19	9	9.635956E-02	1.188822E-02	-1
19	10	9.607071E-02	1.320470E-02	-1
19	11	9.575097E-02	1.451350E-02	-1
19	12	9.540045E-02	1.581384E-02	-1
19	13	9.501508E-02	1.712846E-02	-1
19	14	9.458559E-02	1.849942E-02	-1
19	15	9.412081E-02	1.987053E-02	-1
19	16	9.362018E-02	2.124181E-02	-1
19	17	9.308312E-02	2.261328E-02	-1
19	18	9.250896E-02	2.398495E-02	-1
19	19	9.189700E-02	2.535683E-02	-1
19	20	9.124644E-02	2.672892E-02	-1
19	21	9.055644E-02	2.810124E-02	-1
19	22	8.982608E-02	2.947380E-02	-1
19	23	8.905432E-02	3.084659E-02	-1
19	24	8.824007E-02	3.221963E-02	-1
19	25	8.738213E-02	3.359290E-02	-1
19	26	8.647917E-02	3.496641E-02	-1
19	27	8.552976E-02	3.634015E-02	-1
19	28	8.453232E-02	3.771409E-02	-1
19	29	8.348514E-02	3.908822E-02	-1
19	30	8.238633E-02	4.046252E-02	-1
19	31	8.123381E-02	4.183693E-02	-1
19	32	8.002528E-02	4.321142E-02	-1
19	33	7.875823E-02	4.458592E-02	-1
19	34	7.742984E-02	4.596038E-02	-1
19	35	7.603698E-02	4.733471E-02	-1
19	36	7.457614E-02	4.870882E-02	-1
19	37	7.304341E-02	5.008261E-02	-1
19	38	7.143429E-02	5.145597E-02	-1
19	39	6.974372E-02	5.282877E-02	-1
19	40	6.796583E-02	5.420089E-02	-1
19	41	6.609382E-02	5.557220E-02	-1
19	42	6.411973E-02	5.694259E-02	-1
19	43	6.203405E-02	5.831194E-02	-1
19	44	5.982535E-02	5.968021E-02	-1
19	45	5.747958E-02	6.104737E-02	-1
19	46	5.497919E-02	6.241353E-02	-1
19	47	5.230168E-02	6.377889E-02	-1
19	48	4.941746E-02	6.514388E-02	-1
19	49	4.628632E-02	6.650918E-02	-1
19	50	4.285119E-02	6.787590E-02	-1
19	51	3.902669E-02	6.924571E-02	-1
19	52	3.467509E-02	7.062115E-02	-1
19	53	2.954786E-02	7.200598E-02	-1
19	54	2.310185E-02	7.340594E-02	-1
19	55	1.348324E-02	7.482988E-02	-1
19	56	-1.348324E-02	7.482988E-02	1
19	57	-2.310185E-02	7.340594E-02	1
19	58	-2.954786E-02	7.200598E-02	1
19	59	-3.467509E-02	7.062115E-02	1
19	60	-3.902669E-02	6.924571E-02	1
19	61	-4.285119E-02	6.787590E-02	1
19	62	-4.628632E-02	6.650918E-02	1
19	63	-4.941746E-02	6.514388E-02	1
19	64	-5.230168E-02	6.377889E-02	1
19	65	-5.497919E-02	6.241353E-02	1
19	66	-5.747958E-02	6.104737E-02	1
19	67	-5.982535E-02	5.968021E-02	1
19	68	-6.203405E-02	5.831194E-02	1
19	69	-6.411973E-02	5.694259E-02	1
19	70	-6.609382E-02	5.557220E-02	1
19	71	-6.796583E-02	5.420089E-02	1
19	72	-6.974372E-02	5.282877E-02	1
19	73	-7.143429E-02	5.145597E-02	1
19	74	-7.304341E-02	5.008261E-02	1
19	75	-7.457614E-02	4.870882E-02	1
19	76	-7.603698E-02	4.733471E-02	1
19	77	-7.742984E-02	4.596038E-02	1
19	78	-7.875823E-02	4.458592E-02	1
19	79	-8.002528E-02	4.321142E-02	1
19	80	-8.123381E-02	4.183693E-02	1
19	81	-8.238633E-02	4.046252E-02	1
19	82	-8.348514E-02	3.908822E-02	1
19	83	-8.453232E-02	3.771409E-02	1
19	84	-8.552976E-02	3.634015E-02	1
19	85	-8.647917E-02	3.496641E-02	1
19	86	-8.738213E-02	3.359290E-02	1
19	87	-8.824007E-02	3.221963E-02	1
19	88	-8.905432E-02	3.084659E-02	1
19	89	-8.982608E-02	2.947380E-02	1
19	90	-9.055644E-02	2.810124E-02	1
19	91	-9.124644E-02	2.672892E-02	1
19	92	-9.189700E-02	2.535683E-02	1
19	93	-9.250896E-02	2.398495E-02	1
19	94	-9.308312E-02	2.261328E-02	1
19	95	-9.362018E-02	2.124181E-02	1
19	96	-9.412081E-02	1.987053E-02	1
19	97	-9.458559E-02	1.849942E-02	1
19	98	-9.501508E-02	1.712846E-02	1
19	99	-9.540045E-02	1.581384E-02	1
19	100	-9.575097E-02	1.451350E-02	1
19	101	-9.607071E-02	1.320470E-02	1
19	102	-9.635956E-02	1.188822E-02	1
19	103	-9.661738E-02	1.056486E-02	1
19	104	-9.684409E-02	9.235406E-03	1
19	105	-9.703957E-02	7.900646E-03	1
19	106	-9.720375E-02	6.561373E-03	1
19	107	-9.733657E-02	5.218378E-03	1
19	108	-9.743796E-02	3.872452E-03	1
19	109	-9.750789E-02	2.524386E-03	1
19	110	-9.754632E-02	1.174972E-03	1
20	1	9.873646E-02	1.174972E-03	-1
20	2	9.869877E-02	2.524408E-03	-1
20	3	9.863024E-02	3.872546E-03	-1
20	4	9.853091E-02	5.218625E-03	-1
20	5	9.840080E-02	6.561885E-03	-1
20	6	9.823998E-02	7.901566E-03	-1
20	7	9.804852E-02	9.236906E-03	-1
20	8	9.782647E-02	1.056715E-02	-1
20	9	9.757395E-02	1.189153E-02	-1
20	10	9.729105E-02	1.320928E-02	-1
20	11	9.697787E-02	1.451966E-02	-1
20	12	9.663456E-02	1.582190E-02	-1
20	13	9.626124E-02	1.711524E-02	-1
20	14	9.584707E-02	1.845616E-02	-1
20	15	9.539378E-02	1.982405E-02	-1
20	16	9.490564E-02	2.119210E-02	-1
20	17	9.438207E-02	2.256033E-02	-1
20	18	9.382248E-02	2.392876E-02	-1
20	19	9.322620E-02	2.529738E-02	-1
20	20	9.259249E-02	2.666621E-02	-1
20	21	9.192056E-02	2.803526E-02	-1
20	22	9.120956E-02	2.940453E-02	-1
20	23	9.045853E-02	3.077403E-02	-1
20	24	8.966646E-02	3.214376E-02	-1
20	25	8.883222E-02	3.351372E-02	-1
20	26	8.795461E-02	3.488391E-02	-1
20	27	8.703230E-02	3.625432E-02	-1
20	28	8.606385E-02	3.762493E-02	-1
20	29	8.504767E-02	3.899573E-02	-1
20	30	8.398204E-02	4.036668E-02	-1
20	31	8.286507E-02	4.173777E-02	-1
20	32	8.169467E-02	4.310894E-02	-1
20	33	8.046855E-02	4.448016E-02	-1
20	34	7.918417E-02	4.585135E-02	-1
20	35	7.783873E-02	4.722246E-02	-1
20	36	7.642908E-02	4.859340E-02	-1
20	37	7.495172E-02	4.996409E-02	-1
20	38	7.340270E-02	5.133441E-02	-1
20	39	7.177754E-02	5.270428E-02	-1
20	40	7.007115E-02	5.407356E-02	-1
20	41	6.827764E-02	5.544215E-02	-1
20	42	6.639018E-02	5.680993E-02	-1
20	43	6.440077E-02	5.817679E-02	-1
20	44	6.229986E-02	5.954266E-02	-1
20	45	6.007594E-02	6.090749E-02	-1
20	46	5.771488E-02	6.227129E-02	-1
20	47	5.519901E-02	6.363418E-02	-1
20	48	5.250570E-02	6.499640E-02	-1
20	49	4.960519E-02	6.635838E-02	-1
20	50	4.645701E-02	6.772083E-02	-1
20	51	4.300384E-02	6.908483E-02	-1
20	52	3.915996E-02	7.045204E-02	-1
20	53	3.478718E-02	7.182486E-02	-1
20	54	2.963645E-02	7.320690E-02	-1
20	55	2.316385E-02	7.460352E-02	-1
20	56	1.351347E-02	7.602294E-02	-1
20	57	-1.351347E-02	7.602294E-02	1
20	58	-2.316385E-02	7.460352E-02	1
20	59	-2.963645E-02	7.320690E-02	1
20	60	-3.478718E-02	7.182486E-02	1
20	61	-3.915996E-02	7.045204E-02	1
20	62	-4.300384E-02	6.908483E-02	1
20	63	-4.645701E-02	6.772083E-02	1
20	64	-4.960519E-02	6.635838E-02	1
20	65	-5.250570E-02	6.499640E-02	1
20	66	-5.519901E-02	6.363418E-02	1
20	67	-5.771488E-02	6.227129E-02	1
20	68	-6.007594E-02	6.090749E-02	1
20	69	-6.229986E-02	5.954266E-02	1
20	70	-6.440077E-02	5.817679E-02	1
20	71	-6.639018E-02	5.680993E-02	1
20	72	-6.827764E-02	5.544215E-02	1
20	73	-7.007115E-02	5.407356E-02	1
20	74	-7.177754E-02	5.270428E-02	1
20	75	-7.340270E-02	5.133441E-02	1
20	76	-7.495172E-02	4.996409E-02	1
20	77	-7.642908E-02	4.859340E-02	1
20	78	-7.783873E-02	4.722246E-02	1
20	79	-7.918417E-02	4.585135E-02	1
20	80	-8.046855E-02	4.448016E-02	1
20	81	-8.169467E-02	4.310894E-02	1
20	82	-8.286507E-02	4.173777E-02	1
20	83	-8.398204E-02	4.036668E-02	1
20	84	-8.504767E-02	3.899573E-02	1
20	85	-8.606385E-02	3.762493E-02	1
20	86	-8.703230E-02	3.625432E-02	1
20	87	-8.795461E-02	3.488391E-02	1
20	88	-8.883222E-02	3.351372E-02	1
20	89	-8.966646E-02	3.214376E-02	1
20	90	-9.045853E-02	3.077403E-02	1
20	91	-9.120956E-02	2.940453E-02	1
20	92	-9.192056E-02	2.803526E-02	1
20	93	-9.259249E-02	2.666621E-02	1
20	94	-9.322620E-02	2.529738E-02	1
20	95	-9.382248E-02	2.392876E-02	1
20	96	-9.438207E-02	2.256033E-02	1
20	97	-9.490564E-02	2.119210E-02	1
20	98	-9.539378E-02	1.982405E-02	1
20	99	-9.584707E-02	1.845616E-02	1
20	100	-9.626124E-02	1.711524E-02	1
20	101	-9.663456E-02	1.582190E-02	1
20	102	-9.697787E-02	1.451966E-02	1
20	103	-9.729105E-02	1.320928E-02	1
20	104	-9.757395E-02	1.189153E-02	1
20	105	-9.782647E-02	1.056715E-02	1
20	106	-9.804852E-02	9.236906E-03	1
20	107	-9.823998E-02	7.901566E-03	1
20	108	-9.840080E-02	6.561885E-03	1
20	109	-9.853091E-02	5.218625E-03	1
20	110	-9.863024E-02	3.872546E-03	1
20	111	-9.869877E-02	2.524408E-03	1
20	112	-9.873646E-02	1.174972E-03	1
21	1	9.992648E-02	1.174973E-03	-1
21	2	9.988862E-02	2.524406E-03	-1
21	3	9.981967E-02	3.872531E-03	-1
21	4	9.971966E-02	5.218581E-03	-1
21	5	9.958864E-02	6.561789E-03	-1
21	6	9.942667E-02	7.901387E-03	-1
21	7	9.923383E-02	9.236610E-03	-1
21	8	9.900713E-02	1.059553E-02	-1
21	9	9.874184E-02	1.200709E-02	-1
21	10	9.844267E-02	1.341820E-02	-1
21	11	9.810933E-02	1.482883E-02	-1
21	12	9.774154E-02	1.623892E-02	-1
21	13	9.733895E-02	1.764843E-02	-1
21	14	9.690119E-02	1.905730E-02	-1
21	15	9.642784E-02	2.046549E-02	-1
21	16	9.591845E-02	2.187295E-02	-1
21	17	9.537249E-02	2.327963E-02	-1
21	18	9.478943E-02	2.468550E-02	-1
21	19	9.416865E-02	2.609049E-02	-1
21	20	9.350949E-02	2.749457E-02	-1
21	21	9.281122E-02	2.889768E-02	-1
21	22	9.207306E-02	3.029979E-02	-1
21	23	9.129414E-02	3.170082E-02	-1
21	24	9.047351E-02	3.310075E-02	-1
21	25	8.961017E-02	3.449949E-02	-1
21	26	8.870299E-02	3.589701E-02	-1
21	27	8.775075E-02	3.729323E-02	-1
21	28	8.675212E-02	3.868809E-02	-1
21	29	8.570565E-02	4.008150E-02	-1
21	30	8.460976E-02	4.147339E-02	-1
21	31	8.346269E-02	4.286365E-02	-1
21	32	8.226253E-02	4.425219E-02	-1
21	33	8.100719E-02	4.563888E-02	-1
21	34	7.969435E-02	4.702360E-02	-1
21	35	7.832143E-02	4.840618E-02	-1
21	36	7.688559E-02	4.978646E-02	-1
21	37	7.538367E-02	5.116424E-02	-1
21	38	7.381212E-02	5.253930E-02	-1
21	39	7.216694E-02	5.391139E-02	-1
21	40	7.044364E-02	5.528024E-02	-1
21	41	6.863706E-02	5.664553E-02	-1
21	42	6.674130E-02	5.800690E-02	-1
21	43	6.474952E-02	5.936399E-02	-1
21	44	6.265370E-02	6.071635E-02	-1
21	45	6.044431E-02	6.206353E-02	-1
21	46	5.810988E-02	6.340503E-02	-1
21	47	5.563637E-02	6.474033E-02	-1
21	48	5.300623E-02	6.606886E-02	-1
21	49	5.019701E-02	6.739004E-02	-1
21	50	4.717920E-02	6.870326E-02	-1
21	51	4.391270E-02	7.000787E-02	-1
21	52	4.034061E-02	7.130315E-02	-1
21	53	3.637780E-02	7.258813E-02	-1
21	54	3.188685E-02	7.386127E-02	-1
21	55	2.661965E-02	7.511928E-02	-1
21	56	2.003347E-02	7.635299E-02	-1
21	57	1.027325E-02	7.752211E-02	-1
21	58	-1.678047E-02	7.682845E-02	1
21	59	-2.634658E-02	7.517781E-02	1
21	60	-3.272902E-02	7.363690E-02	1
21	61	-3.778722E-02	7.214890E-02	1
21	62	-4.206683E-02	7.069387E-02	1
21	63	-4.581796E-02	6.926130E-02	1
21	64	-4.917950E-02	6.784478E-02	1
21	65	-5.223769E-02	6.644009E-02	1
21	66	-5.505022E-02	6.504435E-02	1
21	67	-5.765781E-02	6.365553E-02	1
21	68	-6.009040E-02	6.227219E-02	1
21	69	-6.237074E-02	6.089327E-02	1
21	70	-6.451658E-02	5.951803E-02	1
21	71	-6.654209E-02	5.814593E-02	1
21	72	-6.845880E-02	5.677657E-02	1
21	73	-7.027622E-02	5.540968E-02	1
21	74	-7.200237E-02	5.404506E-02	1
21	75	-7.364404E-02	5.268255E-02	1
21	76	-7.520706E-02	5.132206E-02	1
21	77	-7.669651E-02	4.996351E-02	1
21	78	-7.811682E-02	4.860684E-02	1
21	79	-7.947189E-02	4.725201E-02	1
21	80	-8.076520E-02	4.589898E-02	1
21	81	-8.199984E-02	4.454772E-02	1
21	82	-8.317860E-02	4.319819E-02	1
21	83	-8.430398E-02	4.185037E-02	1
21	84	-8.537826E-02	4.050422E-02	1
21	85	-8.640348E-02	3.915971E-02	1
21	86	-8.738154E-02	3.781679E-02	1
21	87	-8.831414E-02	3.647544E-02	1
21	88	-8.920286E-02	3.513560E-02	1
21	89	-9.004912E-02	3.379723E-02	1
21	90	-9.085426E-02	3.246029E-02	1
21	91	-9.161949E-02	3.112473E-02	1
21	92	-9.234592E-02	2.979049E-02	1
21	93	-9.303458E-02	2.845753E-02	1
21	94	-9.368355E-02	2.713571E-02	1
21	95	-9.426553E-02	2.592931E-02	1
21	96	-9.482001E-02	2.470901E-02	1
21	97	-9.534679E-02	2.347552E-02	1
21	98	-9.584569E-02	2.222956E-02	1
21	99	-9.631653E-02	2.097184E-02	1
21	100	-9.675917E-02	1.970306E-02	1
21	101	-9.717344E-02	1.842394E-02	1
21	102	-9.755921E-02	1.713519E-02	1
21	103	-9.791633E-02	1.583750E-02	1
21	104	-9.824470E-02	1.453159E-02	1
21	105	-9.854419E-02	1.321817E-02	1
21	106	-9.881471E-02	1.189793E-02	1
21	107	-9.905616E-02	1.057157E-02	1
21	108	-9.926846E-02	9.239813E-03	1
21	109	-9.945153E-02	7.903346E-03	1
21	110	-9.960532E-02	6.562874E-03	1
21	111	-9.972977E-02	5.219100E-03	1
21	112	-9.982483E-02	3.872724E-03	1
21	113	-9.989048E-02	2.524448E-03	1
21	114	-9.992669E-02	1.174973E-03	1
22	1	1.011166E-01	1.174974E-03	-1
22	2	1.010795E-01	2.524426E-03	-1
22	3	1.010118E-01	3.872619E-03	-1
22	4	1.009138E-01	5.218812E-03	-1
22	5	1.007853E-01	6.562265E-03	-1
22	6	1.006265E-01	7.902242E-03	-1
22	7	1.004375E-01	9.238004E-03	-1
22	8	1.002174E-01	1.057744E-02	-1
22	9	9.995790E-02	1.198662E-02	-1
22	10	9.966532E-02	1.339537E-02	-1
22	11	9.933938E-02	1.480364E-02	-1
22	12	9.897978E-02	1.621138E-02	-1
22	13	9.858620E-02	1.761856E-02	-1
22	14	9.815830E-02	1.902511E-02	-1
22	15	9.769568E-02	2.043100E-02	-1
22	16	9.719792E-02	2.183618E-02	-1
22	17	9.666453E-02	2.324060E-02	-1
22	18	9.609499E-02	2.464422E-02	-1
22	19	9.548875E-02	2.604698E-02	-1
22	20	9.484517E-02	2.744885E-02	-1
22	21	9.416358E-02	2.884977E-02	-1
22	22	9.344326E-02	3.024970E-02	-1
22	23	9.268338E-02	3.164859E-02	-1
22	24	9.188309E-02	3.304638E-02	-1
22	25	9.104142E-02	3.444303E-02	-1
22	26	9.015735E-02	3.583846E-02	-1
22	27	8.922975E-02	3.723263E-02	-1
22	28	8.825740E-02	3.862547E-02	-1
22	29	8.723895E-02	4.001690E-02	-1
22	30	8.617294E-02	4.140684E-02	-1
22	31	8.505779E-02	4.279522E-02	-1
22	32	8.389173E-02	4.418191E-02	-1
22	33	8.267285E-02	4.556683E-02	-1
22	34	8.139905E-02	4.694985E-02	-1
22	35	8.006800E-02	4.833082E-02	-1
22	36	7.867712E-02	4.970960E-02	-1
22	37	7.722358E-02	5.108600E-02	-1
22	38	7.570419E-02	5.245983E-02	-1
22	39	7.411540E-02	5.383087E-02	-1
22	40	7.245322E-02	5.519886E-02	-1
22	41	7.071312E-02	5.656354E-02	-1
22	42	6.888996E-02	5.792457E-02	-1
22	43	6.697781E-02	5.928163E-02	-1
22	44	6.496981E-02	6.063433E-02	-1
22	45	6.285789E-02	6.198224E-02	-1
22	46	6.063250E-02	6.332493E-02	-1
22	47	5.828209E-02	6.466190E-02	-1
22	48	5.579256E-02	6.599264E-02	-1
22	49	5.314626E-02	6.731659E-02	-1
22	50	5.032059E-02	6.863319E-02	-1
22	51	4.728590E-02	6.994183E-02	-1
22	52	4.400185E-02	7.124184E-02	-1
22	53	4.041131E-02	7.253247E-02	-1
22	54	3.642878E-02	7.381267E-02	-1
22	55	3.191643E-02	7.508075E-02	-1
22	56	2.662559E-02	7.633313E-02	-1
22	57	2.001264E-02	7.756008E-02	-1
22	58	1.022007E-02	7.871988E-02	-1
22	59	-1.689549E-02	7.801283E-02	1
22	60	-2.649185E-02	7.636161E-02	1
22	61	-3.289934E-02	7.482055E-02	1
22	62	-3.797963E-02	7.333254E-02	1
22	63	-4.227909E-02	7.187769E-02	1
22	64	-4.604835E-02	7.044554E-02	1
22	65	-4.942668E-02	6.902973E-02	1
22	66	-5.250064E-02	6.762604E-02	1
22	67	-5.532818E-02	6.623157E-02	1
22	68	-5.795020E-02	6.484427E-02	1
22	69	-6.039683E-02	6.346266E-02	1
22	70	-6.269095E-02	6.208567E-02	1
22	71	-6.485042E-02	6.071252E-02	1
22	72	-6.688950E-02	5.934265E-02	1
22	73	-6.881978E-02	5.797563E-02	1
22	74	-7.065085E-02	5.661116E-02	1
22	75	-7.239075E-02	5.524902E-02	1
22	76	-7.404631E-02	5.388904E-02	1
22	77	-7.562340E-02	5.253112E-02	1
22	78	-7.712709E-02	5.117516E-02	1
22	79	-7.856185E-02	4.982109E-02	1
22	80	-7.993158E-02	4.846886E-02	1
22	81	-8.123978E-02	4.711844E-02	1
22	82	-8.248954E-02	4.576978E-02	1
22	83	-8.368365E-02	4.442285E-02	1
22	84	-8.482463E-02	4.307761E-02	1
22	85	-8.591474E-02	4.173404E-02	1
22	86	-8.695606E-02	4.039210E-02	1
22	87	-8.795046E-02	3.905175E-02	1
22	88	-8.889966E-02	3.771296E-02	1
22	89	-8.980524E-02	3.637569E-02	1
22	90	-9.066863E-02	3.503988E-02	1
22	91	-9.149118E-02	3.370551E-02	1
22	92	-9.227408E-02	3.237252E-02	1
22	93	-9.301848E-02	3.104086E-02	1
22	94	-9.372540E-02	2.971049E-02	1
22	95	-9.439581E-02	2.838136E-02	1
22	96	-9.499600E-02	2.717456E-02	1
22	97	-9.556667E-02	2.596276E-02	1
22	98	-9.611034E-02	2.473759E-02	1
22	99	-9.662683E-02	2.349973E-02	1
22	100	-9.711597E-02	2.224987E-02	1
22	101	-9.757760E-02	2.098870E-02	1
22	102	-9.801155E-02	1.971689E-02	1
22	103	-9.841768E-02	1.843512E-02	1
22	104	-9.879585E-02	1.714408E-02	1
22	105	-9.914595E-02	1.584445E-02	1
22	106	-9.946784E-02	1.453690E-02	1
22	107	-9.976143E-02	1.322212E-02	1
22	108	-1.000266E-01	1.190077E-02	1
22	109	-1.002633E-01	1.057354E-02	1
22	110	-1.004714E-01	9.241106E-03	1
22	111	-1.006509E-01	7.904139E-03	1
22	112	-1.008017E-01	6.563316E-03	1
22	113	-1.009237E-01	5.219313E-03	1
22	114	-1.010169E-01	3.872805E-03	1
22	115	-1.010813E-01	2.524467E-03	1
22	116	-1.011168E-01	1.174974E-03	1
